251.611 231.5 176.716 176.716 189 0 965 432 
248.715 226.5 176.73 176.73 193 2 976 432 
30.2083 29 17.1372 17.1372 26 0 87 432 
30.662 29 16.5671 16.5671 24 0 82 432 
31.6736 29 17.0454 17.0454 27 0 87 432 
25.4144 23.5 13.5519 13.5519 20 0 68 432 
30.6134 29 17.1417 17.1417 26 0 85 432 
28.7477 28 14.543 14.543 22 0 73 432 
29.6574 28 15.746 15.746 24 1 86 432 
27.7407 27 15.303 15.303 21 0 86 432 
26.5926 26 13.8073 13.8073 20 0 70 432 
29.6944 28 16.0546 16.0546 25 0 81 432 
250.715 225 179.485 179.485 196 0 972 432 
27.1921 25 14.8742 14.8742 22 1 97 432 
29.2454 28 15.2041 15.2041 22 0 86 432 
27.588 25 14.8014 14.8014 23 1 68 432 
30.9375 29 17.8024 17.8024 27 0 84 432 
27.7963 26 14.2617 14.2617 18 0 87 432 
28.6227 27 15.6709 15.6709 24 0 69 432 
28.912 27 15.4661 15.4661 23 1 83 432 
27.2083 27 14.4886 14.4886 22 0 71 432 
30.9491 29 18.0261 18.0261 27 0 88 432 
29.0625 27 16.5771 16.5771 26 2 81 432 
251.329 226.5 180.214 180.214 200 0 1004 432 
28.8542 27 15.4525 15.4525 23 0 80 432 
26.1667 25 14.0808 14.0808 20 2 82 432 
30.1204 28 15.8765 15.8765 23 2 82 432 
32.0648 30 17.4302 17.4302 27 3 82 432 
31.419 30.5 16.6553 16.6553 24 0 79 432 
26.4491 24 14.7249 14.7249 21 2 76 432 
26.0556 24 14.576 14.576 21 0 75 432 
27.6343 25 14.5494 14.5494 21 0 73 432 
26.9514 26 14.7951 14.7951 22 1 71 432 
30.5833 28 17.6081 17.6081 25 1 93 432 
251.266 225.5 177.487 177.487 190 3 992 432 
30.1852 28.5 16.2414 16.2414 22 1 85 432 
27.5116 26 15.2347 15.2347 24 2 70 432 
27.5231 26 14.269 14.269 22 0 72 432 
31.3403 30 16.5952 16.5952 25 0 86 432 
25.0509 23.5 13.9188 13.9188 20 0 64 432 
31.8634 30 18.4728 18.4728 27 0 90 432 
29.9398 29 16.5978 16.5978 24 0 83 432 
28.3009 27.5 15.1152 15.1152 21 1 80 432 
32.2593 30 18.877 18.877 26 2 114 432 
30.2824 29 16.4363 16.4363 24 1 84 432 
250.336 228.5 175.867 175.867 189 0 1034 432 
26.3542 25 13.4815 13.4815 19 2 75 432 
29.6898 29 15.8655 15.8655 24 1 84 432 
30.7315 29 17.3416 17.3416 27 0 99 432 
31.2685 29 17.7514 17.7514 26 1 98 432 
25.9352 24 14.0579 14.0579 21 0 92 432 
26.5463 25 14.9552 14.9552 22 0 86 432 
25.9028 24 14.6481 14.6481 20 0 72 432 
31.5671 30 16.4229 16.4229 23 1 91 432 
30.8032 28 17.1877 17.1877 26 1 90 432 
32.3102 32 16.818 16.818 25 1 89 432 
253.516 229 176.069 176.069 205 0 1036 432 
32.0926 31 17.7724 17.7724 27 0 89 432 
26.9954 25 14.955 14.955 21 1 75 432 
30.0694 27 17.221 17.221 25 1 91 432 
28.0023 26 16.0131 16.0131 26 0 73 432 
31.8032 29 18.7802 18.7802 27 0 98 432 
29.5671 28 14.7673 14.7673 21 1 78 432 
32.2014 31 17.9946 17.9946 29 1 80 432 
33.3148 32.5 17.4729 17.4729 26 0 103 432 
36.7662 31 27.192 27.192 27 1 173 432 
257.28 230 176.958 176.958 196 4 1046 432 
28.2847 27 15.5796 15.5796 22 2 82 432 
