-64.4651 -66.4807 -11.1798
-54.3865 -46.2551 -15.5229
-53.4123 -40.0405 -43.3593
-61.8795 -47.2554 -18.9346
-60.4426 -38.4291 -41.4932
-69.3979 -57.2543 -27.0992
 -67.945 -48.6667 -29.7086
-63.1201 -48.2538 -42.7296
 -68.703 -67.8879 -29.6808
-47.8454  -61.225 -5.96786
-49.1321 -56.0679 -42.3429
-47.5869 -39.0565 -21.1818
-47.7191 -36.7413 -40.4284
-47.7207 -45.1467  -45.784
-62.7051 -60.2799 -34.9139
-47.1821 -45.9021 -29.7321
-47.9413 -71.0505 -15.8928
-47.6026 -85.0864 -24.3607
-57.6277 -73.9818 -41.6921
-55.7464 -71.6462 -46.9591
-56.7545 -63.9727 -45.2273
-48.7414 -102.911 -33.4482
-48.1284 -103.712 -23.0806
-52.4291 -97.4325 -39.0038
-53.3785 -105.805 -22.5732
-61.3086 -104.011 -28.6162
-63.2412 -102.784 -40.5824
-60.6948 -83.7026  -46.803
-66.4522 -74.8877 -12.2716
-56.8567 -93.4039 -7.17143
-66.5533 -86.5096 -13.2885
-73.0732 -80.4682 -21.4403
-67.2174 -94.0409 -18.8585
-48.7954 -91.6624   -12.68
-48.9874 -76.3254 -1.65382
-66.1733 -73.0178 -31.6622
-71.7178 -74.0048 -33.0797
 -65.077 -56.0661 -46.7183
-72.9344 -80.4921 -37.7924
-63.3722 -56.3497 -53.6834
-70.0181 -77.6459 -48.2597
-50.8836 -58.1383 -31.9647
-57.1041 -61.6997 -35.4648
-54.0307 -63.6792 -36.5222
-50.5991 -72.4218 -32.6964
-62.6927 -96.9716 -51.1314
-58.8844  -100.29 -55.7218
-49.0588 -82.1838 -45.8897
-52.1716 -85.3316 -45.1307
-56.2627 -93.1293 -47.7403
-60.7949 -93.5248 -59.3761
-57.5146 -90.8855 -60.5273
-50.1266 -88.0944  -59.618
-55.8958    -80.5 -57.5347
-44.2453 -83.0566 -46.6792
-43.9737 -83.6447 -42.3596
-44.0827  -89.797 -39.7008
-44.1159 -97.1752 -44.1968
 -44.067 -99.5979 -49.1753
-44.0947 -95.8272 -53.6749
-44.1954 -91.0862 -54.1494
-44.4286 -86.5625 -52.4375
-25.8927 -97.1858 -51.4248
-28.6632 -98.1984 -56.6009
-38.4686 -80.8551 -46.2995
-36.0557 -85.0825 -45.6771
-32.2852 -92.7688 -48.4702
-28.0356 -95.2041 -60.8801
-32.1135 -91.8154  -61.399
-39.9048 -88.3758 -59.8121
-31.5975 -80.5094 -57.3208
-37.7525 -57.6117 -31.9256
-31.2575 -61.1607 -35.4032
-34.5393 -63.5286 -36.5429
-38.6481 -72.3841 -32.6358
-24.4496 -67.7749 -10.5951
-34.1985 -48.0449 -14.7478
-35.9107 -39.6911 -43.7472
-26.3041 -47.1246 -19.5929
-28.5527 -37.3626 -42.0709
-20.0365 -56.1623 -25.9021
-19.9693  -48.549 -29.5914
-24.5448 -47.5026 -42.6292
-18.8092 -66.7686 -29.3351
-40.8768 -63.5466 -5.74357
-39.9377 -55.6678 -42.2803
-40.6246 -38.2357 -21.5366
-41.0829 -37.7967 -40.2582
-40.9987 -45.7745 -45.7181
 -25.639 -60.4898 -35.5932
-40.9414 -45.1386 -28.7837
 -41.168 -68.0985 -16.7812
-41.4119 -84.5433 -25.7642
-30.5275 -73.4958 -41.7886
-32.4258 -71.1502 -46.8719
-31.4718 -63.2863 -45.4032
-37.1451 -100.225 -31.9903
-38.4052 -103.295 -22.5737
-36.9613 -97.0709 -38.6078
-33.0184 -104.103 -21.3673
-26.4361 -103.497 -26.9662
-26.0647 -104.596 -40.4965
-28.1704 -83.0993 -46.7669
-24.4209 -76.3863  -10.373
-32.0788 -93.2142 -5.64311
-21.8543 -86.7941 -11.9041
-16.3688 -79.4088 -19.4326
-22.3858 -93.6193 -17.3425
-40.1556  -91.657 -14.8196
-41.4366 -79.4713 -2.60407
-22.0602 -72.0723 -31.4779
-16.0837 -74.5053 -33.2907
-21.0314 -56.2713 -45.0949
  -16.42 -82.2828 -37.3876
-22.9798 -56.3766 -52.7591
 -18.309 -79.0694 -47.8653