3526
3599
 963
4863
 888
1038
2529
1690
 990
2147
 280
2992
 719
 852
1858
1400
1941
 463
 932
 978
 220
2258
1526
2095
1366
3270
 941
2310
3892
2065
2447
1256
1173
3528
1349
 225
2296
1285
4942
 755
3200
 962
1009
 293
1100
2603
1894
 136
1125
1694
 585
1887
 869
 144
  53
 228
 665
 371
 194
 243
 174
 112
2648
2117
 207
 861
1795
 534
2308
 809
 159
 994
1064
 280
1057
3381
4056
 997
5104
1015
1399
2151
1707
1331
2371
 289
2134
 856
 745
1770
1313
2203
 335
 946
1132
 248
1861
1424
2300
1413
2098
 989
2518
3823
2222
1345
1974
1752
3265
 836
 249
3141
1338
4409
1187
3557