# command_history: /home/unimelb.edu.au/robertes/src/mrtrix3/build_release/bin/dirgen 30 -cartesian dirflip/original.txt  (version=3.0.7-1391-g506380c9)
# Compared to file "original.txt",
#   these data have been manipulated using numpy
#   to all reside within the positive-Z hemisphere
0.522466373115063 0.727939347300556 0.443996841898263
-0.374143007060096 0.878361326557218 0.297486790087684
0.636846877627001 -0.607109200783000 0.475230967826558
-0.283973305110622 -0.840132733019831 0.462099721805997
0.089902841564224 0.915653604752259 0.391785598488348
-0.147118844234419 -0.556519003164467 0.817705720163408
0.825039591077847 0.547693343398468 0.139074349723832
0.421203482000540 -0.890031080589431 0.174448566447050
-0.602922414228945 -0.440152279503968 0.665395020471149
0.275351127148724 0.567623844953897 0.775876876455074
0.436272765933832 0.899601157116871 0.019591626232417
-0.000890992673348 -0.996128999489237 0.087898933489711
-0.036597106692865 0.284799980836614 0.957888105520251
-0.782441610072214 0.018568756001353 0.622447048453251
-0.388750945762480 -0.119279405614324 0.913589144837586
0.438384857024601 0.115317994012884 0.891358781517501
0.388091628179316 -0.427717517896764 0.816359365121365
0.752185411932876 -0.141179811094315 0.643650034579929
-0.930351083357959 -0.255038079312467 0.263443428073810
-0.478002918489421 0.327215349997847 0.815133930493255
0.736280620774508 0.330558952611582 0.590441890722735
-0.949632823974370 0.218014781387447 0.225093435548544
-0.196937900541774 0.690405745510982 0.696100114851035
-0.755602506345386 0.653321954764203 0.047278703743357
0.176695584718339 -0.801526345019106 0.571256674868099
0.069250304234301 -0.168152745260529 0.983325505427783
0.916917905422694 -0.321222918853779 0.236806653450275
-0.684268813306879 0.542972347667860 0.486782518999653
-0.689634451252518 -0.662887310250322 0.291521418689489
0.970477511762117 0.118469048227053 0.210091608057498

