# command_history: /home/unimelb.edu.au/robertes/src/mrtrix3/build_release/bin/dirgen 40 -cartesian dirorder/original.txt  (version=3.0.7-1391-g506380c9)
0.884713793033242 -0.184892095022824 -0.42789767189692
0.013356138691723 0.00208933335522731 0.999908619947532
-0.787022614632935 -0.501637331829874 -0.359103594204992
0.730447829375177 -0.664962238385691 0.155792137420938
-0.238579719789036 0.682187766890103 -0.691158135314111
-0.237313996879311 -0.939177119962279 -0.248250688265965
-0.142036835194193 0.92301884136013 0.357577622261546
-0.423709287560688 -0.772644811644216 0.47274774951774
0.252229665834356 -0.580124797953998 -0.77449042245332
0.996839252828039 0.0365315244996605 -0.0705475140523559
0.631139783870435 -0.394892791034089 -0.667624338086388
0.628271937103355 0.775173542003701 0.0661842339672691
0.756538373276065 -0.588877596774978 -0.284381549642963
-0.598528881491708 -0.437956574672425 0.67078850371893
0.476868048421477 -0.874958405091451 -0.0839324356522373
0.353683489399446 -0.194303318028845 -0.91496131608348
0.886647585506798 -0.306387151513092 0.346385583566434
0.48762902572889 0.734687310816828 0.47164869192168
0.344956379642766 0.227956051078807 -0.910516960259562
-0.676368572719395 -0.0236868923593593 0.736182372084449
0.938834508650194 0.0992519009826428 0.329755705817019
0.874867462534937 0.237328067930762 -0.422234900464105
0.937603190139056 -0.345776325379288 -0.0365922211441481
0.0945072532481321 0.756480779849063 0.647151611913659
-0.393527008308119 0.85649489225796 -0.333995498873992
-0.408480928923903 -0.488380535839252 -0.771121120783778
0.314441993528368 0.939004943285992 -0.139269340453584
0.0968008359183438 -0.993672310313447 0.0569643562400708
-0.459511100389166 0.741713978908692 0.488579494156862
0.731660044238601 -0.136741771739656 0.667813797046952
-0.430179936771722 0.322372988643679 -0.843220539474709
0.199991044027059 0.622375766611502 -0.756737726985851
-0.909306765162905 -0.41610355508455 0.00436328717514613
0.0149913378315684 0.892183590929681 -0.451424079847142
-0.405059623401149 -0.0805586252106014 -0.910734324264929
-0.707872789995822 -0.255334248178535 -0.658574623630939
-0.61799472020634 0.562062055016835 -0.549698801260599
0.0596595079358785 0.386348345759352 0.920421478911624
0.731244056017211 0.614566814300781 -0.295955674552268
0.0543831245314587 -0.376707141880175 0.924734667362842
