# command_history: /home/unimelb.edu.au/robertes/src/mrtrix3/build_release/bin/dirgen 40 -cartesian dirorder/original.txt  (version=3.0.7-1391-g506380c9)
0.884713793033242 -0.184892095022824 -0.42789767189692
0.013356138691723 0.00208933335522731 0.999908619947532
-0.787022614632935 -0.501637331829874 -0.359103594204992
0.730447829375177 -0.664962238385691 0.155792137420938
-0.238579719789036 0.682187766890103 -0.691158135314111
-0.237313996879311 -0.939177119962279 -0.248250688265965
-0.142036835194193 0.92301884136013 0.357577622261546
-0.423709287560688 -0.772644811644216 0.47274774951774
0.252229665834356 -0.580124797953998 -0.77449042245332
0.996839252828039 0.0365315244996605 -0.0705475140523559
0.631139783870435 -0.394892791034089 -0.667624338086388
0.628271937103355 0.775173542003701 0.0661842339672691
0.756538373276065 -0.588877596774978 -0.284381549642963
-0.598528881491708 -0.437956574672425 0.67078850371893
0.476868048421477 -0.874958405091451 -0.0839324356522373
0.353683489399446 -0.194303318028845 -0.91496131608348
0.886647585506798 -0.306387151513092 0.346385583566434
0.48762902572889 0.734687310816828 0.47164869192168
0.344956379642766 0.227956051078807 -0.910516960259562
-0.676368572719395 -0.0236868923593593 0.736182372084449
