153
172
168
246
257
204
178
185
162
147
163
170
261
186
168
287
251
450
453
298
274
240
279
268
347
279
455
179
233
241
265
213
457
216
321
222
159
249
267
426
287
176
346
431
217
596
380
497
461
439
422
548
285
336
312
400
616
200
265
231
157
261
192
316
243
180
294
243
283
321
203
527
803
355
264
205
829
605
382
287
608
584
286
274
296
732
162
275
254
219
391
179
259
336
390
178
387
537
212
675
266
210
150
348
459
312
291
425
459
568
225
301
645
405
299
192
383
507
246
207
454
462
235
267
235
341
399
309
373
543
182
652
366
659
358
334
513
219
450
434
356
343
317
497
612
451
844
951
363
821
965
140
126
130
232
256
176
179
139
151
137
196
200
247
119
198
301
262
442
428
301
256
253
299
304
338
250
475
213
225
242
277
195
462
217
296
230
153
228
245
421
259
155
347
411
213
599
351
499
455
402
421
545
273
341
297
422
616
204
266
243
153
298
168
335
272
151
332
260
312
307
201
535
821
352
267
221
842
601
393
285
624
564
304
264
279
745
152
291
243
226
389
167
252
319
382
162
358
493
239
699
246
233
151
351
448
356
281
384
467
569
250
293
635
404
291
196
387
484
219
180
450
489
220
259
213
316
431
293
381
509
190
651
392
648
396
344
487
200
433
443
351
349
309
488
616
436
823
919
327
817
976
50
51
31
25
6
55
65
50
14
29
40
25
45
24
29
33
32
43
14
32
50
37
13
40
43
41
10
27
51
39
36
47
39
36
34
39
49
61
45
42
48
49
41
9
49
29
24
23
40
17
35
33
47
35
36
30
14
32
31
27
43
34
46
53
13
35
29
36
25
12
40
18
10
44
50
52
16
48
42
33
23
13
31
42
26
18
27
21
46
23
22
15
32
53
49
49
31
30
36
15
38
49
10
25
16
29
40
20
4
39
21
26
25
12
31
31
42
11
25
40
45
63
29
49
69
47
55
44
56
52
9
29
32
34
9
16
11
21
18
16
48
13
29
16
32
21
25
35
21
32
22
31
18
43
41
41
56
24
40
59
29
28
36
54
43
41
33
40
44
9
40
39
23
42
42
32
49
42
68
60
66
72
61
52
42
50
48
55
52
52
61
14
39
35
52
23
18
25
13
26
21
16
13
28
41
53
39
15
52
24
41
56
55
39
28
29
48
42
41
46
58
36
30
22
40
3
36
6
38
29
29
36
12
53
64
24
18
53
46
53
27
17
56
66
41
12
57
30
0
49
28
29
35
23
24
22
26
31
20
24
6
33
41
31
7
34
52
40
19
67
49
17
34
9
20
21
16
32
13
24
7
9
34
23
8
54
38
22
65
13
18
34
29
28
18
14
19
38
24
11
45
21
40
49
16
31
34
43
44
47
39
60
56
17
38
49
24
44
46
45
12
32
64
62
46
44
55
58
46
61
39
52
37
43
40
51
49
52
53
58
44
41
60
69
52
27
64
30
35
23
27
17
30
44
39
61
28
23
17
23
40
45
43
45
38
56
46
58
53
35
71
31
23
27
35
9
46
51
25
0
40
21
27
27
33
48
22
7
53
41
25
14
8
36
71
41
21
61
67
23
61
27
39
53
72
52
15
19
48
42
24
31
35
51
27
27
62
36
22
13
56
46
16
50
60
40
21
20
13
38
25
8
36
22
27
11
45
23
24
40
53
22
21
33
59
29
4
14
7
18
25
28
20
10
16
20
17
30
42
26
51
28
37
31
33
57
34
33
29
21
22
15
37
32
19
68
20
40
45
20
56
46
25
37
48
36
45
45
18
41
30
44
36
14
31
16
23
32
5
35
24
19
33
18
30
55
41
27
44
23
48
54
43
33
31
14
31
20
22
21
32
37
28
33
11
10
45
22
21
15
32
35
26
24
16
34
34
30
9
42
13
40
30
9
27
29
35
35
36
41
4
17
33
16
15
5
42
19
26
42
15
6
36
41
43
23
8
36
68
34
18
37
53
22
31
52
12
49
17
9
16
15
6
21
44
24
32
41
36
23
62
22
16
30
51
49
38
41
32
36
11
19
16
20
68
33
32
22
21
57
24
74
58
51
29
37
38
36
28
35
33
42
22
38
30
44
10
25
33
43
24
29
26
32
27
44
30
45
36
50
33
59
36
34
49
47
42
34
55
13
51
34
16
24
34
7
45
52
39
16
20
29
40
29
63
33
37
41
34
53
51
62
50
37
67
19
22
41
44
52
14
45
13
27
32
0
25
30
19
25
53
48
49
29
29
27
52
45
32
63
12
16
38
22
62
30
53
61
38
47
28
22
37
16
15
9
22
16
22
25
20
17
37
13
6
38
37
53
24
51
27
40
32
9
14
12
45
22
14
32
11
13
20
14
20
41
42
6
62
33
13
5
7
28
16
23
8
53
59
30
40
26
39
50
21
50
26
25
39
47
27
30
25
17
39
32
32
53
38
61
36
25
32
30
21
44
52
31
31
25
8
38
55
42
36
21
21
39
34
42
26
40
7
42
24
26
27
42
46
35
24
23
31
56
41
44
54
25
32
44
21
43
33
34
24
44
13
32
43
46
39
8
41
42
64
55
29
35
59
56
14
47
33
30
35
10
16
29
31
39
61
54
24
39
16
35
27
40
27
26
44
51
34
20
41
41
66
41
16
54
51
38
41
19
43
29
21
30
14
28
14
19
34
14
22
16
26
45
29
13
29
12
60
19
14
42
23
24
28
1
10
12
8
28
20
31
11
15
24
19
32
8
33
28
34
49
50
28
39
32
30
30
24
48
22
36
40
26
47
60
52
15
10
39
37
31
42
5
11
71
10
30
18
28
66
50
46
11
32
77
31
20
46
33
29
16
22
16
44
14
12
8
8
34
37
37
30
24
53
33
30
34
22
15
13
49
7
33
22
21
61
57
18
20
16
18
41
6
17
27
42
17
27
53
34
42
38
16
52
18
7
30
34
7
52
13
37
38
61
31
9
35
26
19
15
47
34
49
23
16
45
37
40
5
34
53
34
41
59
36
38
50
32
46
50
50
20
20
44
43
46
50
21
53
56
31
17
35
63
28
35
45
43
35
19
21
42
5
20
26
18
23
41
17
19
39
8
39
31
43
20
28
22
50
57
20
41
39
25
54
40
26
22
22
64
28
31
30
17
14
48
40
33
21
23
33
64
51
46
36
46
48
30
33
51
46
32
9
21
35
38
33
34
13
32
64
49
30
41
28
56
77
23
31
36
37
21
39
22
34
43
25
25
22
58
30
15
3
23
29
31
47
24
36
37
29
42
21
38
34
29
7
44
34
23
16
17
58
27
40
34
17
24
45
34
7
28
22
38
36
14
37
26
52
23
39
37
47
30
28
16
25
23
21
44
43
20
4
38
41
55
36
34
13
47
37
44
7
14
41
32
22
33
14
3
17
28
3
35
53
24
27
45
27
36
36
39
28
40
17
35
43
9
35
22
25
39
39
9
41
43
29
36
11
10
36
19
39
32
31
32
37
33
33
20
49
30
31
7
43
19
18
51
17
36
0
30
6
1
28
24
27
29
36
27
70
43
27
44
22
62
44
39
30
17
13
45
32
15
7
16
30
44
46
29
6
45
53
20
22
40
28
38
4
49
46
14
33
31
54
25
13
36
47
30
26
18
14
42
19
34
37
14
52
30
18
35
63
36
29
22
21
58
39
28
21
40
44
15
34
31
29
26
38
39
48
46
25
18
37
39
26
40
49
22
30
58
34
36
28
32
18
22
20
16
13
7
12
14
17
24
49
64
49
35
21
45
53
53
26
33
28
52
23
28
44
43
32
59
25
43
59
18
42
32
13
66
35
47
57
27
31
46
25
65
46
35
23
39
51
48
26
27
48
20
48
55
16
37
28
25
32
34
10
31
15
44
44
50
28
43
81
22
34
51
57
10
26
50
34
28
32
43
53
27
31
44
49
43
25
7
28
46
35
32
26
41
15
19
29
35
33
8
30
19
17
28
25
21
73
33
43
46
17
47
34
61
15
49
16
38
34
15
42
17
40
8
22
31
21
39
47
37
37
45
30
33
33
25
4
9
57
32
47
43
25
57
64
6
56
27
21
47
35
23
21
32
23
13
16
143
152
153
242
268
197
211
169
184
148
216
176
253
169
141
288
254
417
432
289
245
265
306
245
342
255
451
214
209
225
277
193
469
202
304
209
156
239
243
413
274
179
362
423
230
593
344
512
471
435
431
601
308
359
309
457
608
193
228
251
184
305
167
294
263
208
312
281
297
327
187
546
807
347
236
232
821
605
388
301
595
562
320
272
328
764
177
284
248
249
424
170
239
349
387
131
375
512
192
698
214
208
123
358
452
326
302
411
422
588
248
338
636
351
294
160
403
503
188
207
459
494
227
225
202
360
444
281
381
537
214
643
411
655
376
370
539
226
450
455
385
373
320
507
704
453
851
972
324
890
953
47
51
20
41
33
32
13
39
23
38
43
11
28
6
24
23
43
27
21
18
42
68
16
43
18
56
22
40
38
29
39
47
45
38
41
22
33
42
12
17
28
25
29
39
44
26
19
22
35
48
36
10
29
61
21
38
25
27
23
28
15
30
61
51
40
39
23
49
36
45
26
29
19
34
35
51
30
42
18
35
21
31
21
30
28
23
33
35
42
49
21
42
48
54
42
27
52
26
36
7
19
49
30
31
18
39
47
18
16
33
44
44
11
17
31
16
31
13
29
11
14
28
30
56
62
31
16
32
39
16
5
14
40
44
32
47
37
37
55
7
50
57
60
10
15
29
7
13
10
12
16
12
35
31
34
39
29
40
25
30
47
25
19
20
59
26
13
51
33
29
43
21
51
38
35
27
37
17
38
33
52
26
16
28
22
41
33
29
55
49
45
27
42
49
46
40
30
23
43
21
30
19
16
24
15
23
27
4
21
17
30
14
24
45
19
19
30
15
34
33
42
40
23
19
41
42
37
22
24
39
35
16
6
29
51
21
25
49
32
52
39
16
33
46
10
31
35
14
10
48
26
47
49
26
39
7
29
48
28
41
24
35
49
3
17
47
44
42
3
36
51
46
83
37
53
52
39
20
40
44
41
21
27
58
23
44
60
31
59
44
34
37
45
50
36
21
27
37
30
22
47
33
10
27
50
66
12
22
50
29
29
27
21
48
39
25
41
36
28
40
46
39
49
32
46
36
46
41
11
65
47
29
49
43
35
51
56
40
38
45
20
25
47
56
43
20
51
31
50
24
45
33
35
21
22
4
9
50
15
42
27
29
17
44
32
26
46
42
16
12
20
54
45
6
23
45
56
43
17
52
42
47
40
9
48
19
38
16
36
34
15
36
29
17
12
11
34
11
4
7
15
9
30
25
25
42
9
38
41
15
6
31
38
27
16
8
34
17
9
21
53
17
13
19
43
33
50
27
25
11
12
16
14
37
20
2
29
39
9
27
34
16
38
31
25
25
35
20
15
38
13
34
29
53
63
15
37
20
37
74
46
64
50
39
23
26
56
31
33
40
31
36
36
64
50
19
46
20
26
45
36
36
35
23
26
39
44
66
18
16
56
39
47
22
40
58
67
49
6
42
42
38
45
31
12
42
7
30
38
5
28
46
29
17
49
18
25
58
40
36
42
51
60
34
38
39
29
54
58
26
34
53
66
26
18
34
48
36
17
37
38
45
8
5
34
42
38
28
44
32
21
47
20
59
37
44
49
14
50
43
28
21
14
11
29
31
3
24
21
27
30
34
30
25
31
50
37
37
69
27
38
36
25
6
25
8
16
10
20
9
19
23
19
32
34
56
14
19
60
23
21
29
14
12
47
29
18
28
36
19
61
33
34
26
34
35
27
27
45
43
32
9
25
31
30
50
36
39
28
32
12
29
42
21
21
33
20
21
41
16
9
23
21
34
11
27
28
28
24
16
15
33
32
41
43
38
31
52
43
31
26
29
34
49
39
21
28
65
52
7
12
56
46
45
36
10
29
40
46
51
16
38
31
51
14
7
29
21
19
20
18
20
53
40
25
7
7
38
28
9
18
14
26
14
36
30
41
21
21
65
35
51
12
52
87
38
20
10
36
46
22
16
13
18
18
21
53
57
60
42
18
40
40
21
10
25
29
32
34
27
38
52
31
18
41
47
16
16
8
23
16
18
36
11
9
24
38
21
25
28
58
25
31
31
50
41
59
29
32
15
29
38
47
31
40
16
30
30
24
17
43
25
59
53
39
40
56
44
57
58
36
33
48
37
56
37
54
53
50
69
7
40
46
44
55
47
45
59
38
46
23
14
66
42
32
27
19
23
46
49
31
23
40
35
38
30
25
22
12
3
33
28
29
36
24
21
14
52
50
40
21
47
48
18
29
21
32
55
46
23
51
60
37
32
26
32
20
15
32
29
33
35
15
10
30
34
29
5
23
50
49
7
4
62
49
29
39
50
33
14
12
26
27
29
16
17
31
39
34
44
33
9
27
13
6
43
25
9
24
20
14
27
8
17
19
18
41
48
25
48
19
17
31
48
39
27
43
45
38
25
40
42
30
31
7
48
22
31
21
27
37
35
22
15
44
28
16
27
36
25
47
29
21
29
44
46
20
31
27
32
13
29
49
50
27
38
16
1
36
33
52
21
28
22
53
39
30
47
27
47
34
38
36
31
25
36
32
7
14
40
51
27
20
7
43
11
34
27
46
68
13
19
25
50
48
30
36
41
41
26
16
31
24
14
20
24
10
31
20
23
29
26
32
19
20
40
23
30
8
11
24
34
20
24
24
31
32
49
47
9
44
66
37
27
34
37
20
18
25
14
33
23
24
45
36
14
20
35
22
10
17
34
31
28
15
3
25
47
33
23
14
48
4
26
35
54
50
54
32
15
24
12
25
29
25
28
46
56
28
16
65
28
29
28
30
35
44
30
26
29
41
51
38
41
33
30
29
57
63
23
39
57
20
31
31
33
29
27
19
32
41
26
28
12
40
27
41
29
36
42
42
30
34
37
54
29
17
37
22
18
61
42
41
11
16
45
27
29
4
43
37
40
38
47
31
42
48
35
35
29
44
13
38
18
20
3
9
38
40
29
32
14
33
41
51
6
43
36
34
31
16
43
33
29
10
40
35
43
46
66
46
52
40
25
41
22
32
23
31
35
0
37
36
14
26
30
19
20
29
39
17
23
27
6
10
19
16
6
38
49
36
51
40
54
16
42
58
42
45
47
42
75
32
42
12
26
40
16
50
35
65
5
24
35
26
51
56
45
35
36
28
20
57
52
33
36
12
21
34
30
17
25
38
13
15
40
14
47
31
14
45
51
28
27
24
41
60
48
38
39
28
53
20
31
46
37
18
12
37
7
24
42
43
53
21
29
18
60
33
12
27
30
58
29
56
34
24
34
9
16
39
38
19
17
54
25
59
19
31
26
46
47
32
44
46
24
41
15
12
42
31
10
36
28
24
28
26
45
35
44
24
56
38
25
15
52
18
9
22
31
70
28
37
67
30
45
69
14
19
14
73
34
31
9
34
38
12
50
3
49
37
53
55
17
57
33
67
29
51
28
31
67
41
61
47
59
51
34
42
50
23
45
45
58
9
20
25
25
7
14
14
17
23
22
15
3
31
29
52
13
33
26
54
42
37
20
56
23
31
30
32
14
24
10
10
19
44
25
13
6
11
45
48
31
40
40
41
49
50
36
34
7
33
44
57
15
17
33
35
16
10
33
37
39
16
3
22
44
58
32
16
30
22
22
35
14
3
75
22
27
32
58
62
19
28
49
39
21
47
35
39
10
37
45
28
16
17
23
8
14
31
42
34
79
43
12
49
45
43
12
28
43
26
44
34
9
44
17
19
53
33
31
5
17
19
28
13
24
34
13
136
140
127
243
246
190
197
177
206
167
182
146
269
144
180
283
262
400
407
316
224
257
303
246
365
242
436
185
213
237
271
178
473
209
275
232
141
219
249
408
279
152
332
438
203
583
392
527
499
422
438
583
281
352
280
440
617
208
262
260
142
262
163
322
277
157
312
293
306
304
207
546
798
354
234
251
812
599
388
325
596
572
276
291
326
733
187
266
254
240
388
164
259
358
397
138
381
519
246
696
254
214
156
374
450
356
267
390
447
593
275
289
602
400
325
192
389
512
234
202
458
484
204
284
185
329
483
312
390
520
222
661
397
657
375
314
518
213
405
450
355
388
326
482
682
457
842
968
355
861
1004
55
28
22
47
26
55
38
36
27
20
34
53
61
33
50
52
21
21
16
37
17
21
57
22
35
32
22
45
50
51
58
46
9
30
52
30
30
48
20
38
36
30
32
38
40
20
29
29
34
47
30
9
28
52
53
56
24
40
44
73
41
36
9
30
36
22
13
34
35
22
43
19
38
34
36
56
18
28
46
48
18
8
47
52
29
11
32
41
51
19
9
30
22
29
14
21
37
12
36
26
44
14
25
22
17
34
42
23
0
26
33
65
33
18
42
45
56
19
48
44
20
31
30
12
27
34
22
24
37
27
13
34
33
30
30
31
25
45
43
16
43
39
12
32
28
20
16
7
3
24
3
33
13
49
66
26
22
5
9
26
35
31
41
22
57
32
19
11
40
20
22
45
2
32
36
27
46
18
30
35
25
50
55
21
54
37
27
44
26
65
67
28
26
20
53
28
23
25
36
40
36
10
42
49
30
22
14
11
34
38
29
31
25
35
38
24
37
21
28
15
10
29
27
5
40
16
27
27
44
25
28
9
7
51
29
17
27
47
44
36
33
14
33
45
33
11
40
17
14
22
23
55
22
40
37
16
33
27
28
57
39
33
32
34
31
35
46
42
28
57
46
20
23
26
20
21
15
30
5
36
11
9
40
37
25
34
43
24
21
29
38
34
32
33
21
21
28
5
13
11
9
20
52
27
42
28
34
29
11
24
67
54
31
32
28
53
49
39
38
33
21
36
35
33
48
23
26
40
41
47
37
28
42
17
14
62
33
24
47
25
70
50
32
55
44
49
70
6
50
13
17
23
44
24
32
31
13
26
12
40
28
30
27
31
43
23
26
29
41
31
47
44
53
33
40
15
42
28
17
14
35
8
26
24
10
49
30
16
37
11
30
46
27
37
25
26
32
31
25
18
61
2
34
17
37
32
27
36
28
43
21
28
26
52
35
13
46
38
28
43
28
47
28
37
41
61
38
54
13
48
41
20
32
18
20
22
24
41
12
40
34
18
42
22
42
29
23
10
14
16
9
27
28
56
57
65
46
22
69
54
46
63
62
69
24
26
42
52
53
28
26
29
38
35
39
48
17
10
12
9
44
32
25
30
29
33
34
30
47
39
50
51
41
40
28
25
49
40
36
31
16
24
10
11
20
41
37
33
43
16
43
66
43
47
41
51
53
42
28
19
11
26
42
49
20
31
21
61
53
19
33
52
62
27
14
21
32
46
18
19
26
35
39
27
20
50
47
51
49
31
27
62
33
34
57
46
25
15
30
42
25
13
35
34
30
8
11
9
12
46
13
20
35
50
34
50
19
53
41
24
40
33
43
9
19
42
32
18
26
48
21
39
18
43
73
77
14
61
22
19
21
17
21
25
22
49
30
26
4
36
35
34
68
51
36
40
64
49
39
43
36
29
40
23
58
36
42
40
23
34
50
56
32
28
9
47
31
33
20
46
43
54
43
32
51
44
34
63
39
44
29
37
20
25
19
27
37
37
48
15
15
54
52
48
53
24
47
30
33
53
27
25
40
57
29
32
28
44
22
37
19
33
38
56
34
29
36
62
56
22
57
47
60
56
18
55
36
25
31
29
43
23
16
34
53
33
31
24
29
45
51
29
20
29
17
21
15
7
15
38
53
18
19
45
39
53
44
33
25
44
30
29
23
35
20
32
39
23
38
30
6
40
32
14
8
39
62
28
33
36
6
44
13
20
14
31
26
19
36
14
12
43
36
16
48
37
61
56
44
29
22
18
21
22
26
34
30
19
45
57
28
43
49
55
14
39
44
16
41
56
37
40
57
24
10
26
33
40
2
50
3
21
16
14
36
24
25
63
20
37
50
14
60
52
30
48
35
44
28
30
55
23
19
35
43
34
23
9
18
30
32
13
39
16
29
41
26
52
19
28
31
51
52
10
19
27
57
47
23
33
31
49
14
40
16
38
9
15
38
22
33
34
4
10
10
47
53
26
4
39
51
54
18
53
33
45
28
36
37
40
55
26
45
5
23
21
22
36
15
14
47
27
28
35
6
19
54
30
5
28
20
14
14
4
26
19
30
35
48
64
20
14
37
42
37
43
22
32
26
13
41
23
41
38
16
35
55
19
38
39
20
29
25
18
38
22
24
26
27
17
26
46
42
20
45
26
48
48
34
31
39
11
51
44
40
48
40
30
26
2
16
27
3
25
22
29
22
32
33
23
30
37
20
29
33
46
16
15
34
41
51
22
18
36
23
42
3
16
30
36
24
15
30
40
59
30
30
22
29
40
26
22
28
13
26
15
25
34
33
59
10
47
41
39
18
19
57
38
19
6
33
42
23
4
45
25
29
14
75
58
40
34
17
46
40
24
20
3
55
32
32
65
20
62
15
11
16
37
30
15
16
18
34
19
16
18
6
38
26
56
41
47
49
14
41
4
15
19
37
27
14
20
45
49
35
16
45
33
23
49
32
21
24
19
40
38
19
7
24
28
32
55
30
18
20
27
39
54
30
22
52
25
45
17
58
19
39
30
33
24
28
40
30
25
29
29
31
38
48
40
27
57
39
22
43
53
29
67
17
20
12
56
31
17
33
48
41
17
9
23
25
41
17
40
22
16
14
32
29
26
42
19
31
46
17
27
36
20
52
64
21
12
48
30
51
19
19
47
16
9
19
6
33
25
21
30
26
25
47
30
30
47
50
32
25
33
22
17
27
12
14
25
7
19
24
14
14
26
61
46
11
42
35
29
19
23
38
15
52
41
37
38
35
13
19
22
23
23
17
24
40
33
32
28
32
34
8
32
51
30
52
65
46
28
33
53
30
48
51
56
50
50
22
20
34
47
34
28
30
42
32
30
38
30
32
4
20
15
36
24
32
20
9
42
23
71
30
24
23
39
50
17
21
52
40
24
27
54
25
30
13
30
30
31
11
16
30
35
19
21
47
9
40
11
43
50
26
13
8
50
27
43
16
45
31
5
8
2
40
27
19
17
19
14
32
25
28
9
21
42
37
5
47
28
41
27
56
29
18
29
41
38
25
22
30
66
51
14
12
35
68
34
53
35
5
45
54
9
46
55
34
27
21
10
22
7
15
25
7
14
48
23
25
52
31
41
37
16
44
34
28
37
63
36
49
36
1
18
58
32
25
8
44
28
36
44
2
28
61
26
46
60
38
31
35
34
45
53
42
39
30
66
25
47
48
33
19
47
26
18
17
33
25
33
21
16
46
24
25
42
48
74
28
15
7
54
22
30
44
49
23
18
29
57
37
7
41
19
58
31
15
37
28
34
20
75
48
17
40
20
65
28
40
31
29
43
15
67
19
32
66
66
57
3
36
29
50
14
16
31
28
38
22
35
39
29
13
59
53
44
69
32
39
50
55
33
34
54
25
29
39
50
45
43
70
19
45
35
30
66
25
38
14
17
9
14
13
11
14
13
154
153
139
209
241
165
204
170
180
177
190
175
234
178
164
294
255
402
438
303
260
254
281
288
368
251
433
180
197
211
270
192
434
226
298
239
141
229
250
436
311
149
326
443
201
583
359
514
447
446
439
558
258
343
313
393
639
213
230
223
175
264
175
297
243
175
329
270
308
306
185
536
785
376
238
261
786
579
407
301
613
579
284
280
257
735
166
271
270
224
378
177
251
359
425
188
379
559
227
690
240
237
165
354
452
326
306
423
483
593
274
284
581
427
296
192
381
484
224
191
470
453
233
246
201
313
431
280
368
541
210
633
331
644
360
298
485
195
455
481
350
348
319
496
653
463
777
979
377
772
992
28
52
29
28
44
63
27
36
80
32
43
24
27
56
26
29
26
41
24
46
35
21
47
39
34
18
28
17
37
54
33
7
47
35
12
77
55
40
20
9
38
38
64
44
55
19
39
38
20
23
25
19
37
32
32
30
8
55
40
47
25
31
36
23
33
39
27
40
27
34
38
18
33
25
30
25
29
11
48
26
22
26
35
21
49
23
54
28
17
44
20
40
14
32
24
20
39
24
45
29
22
36
23
46
4
38
23
26
33
27
36
51
41
9
25
50
48
26
30
24
17
50
32
31
42
26
11
34
37
16
9
39
64
7
28
72
18
26
25
19
47
56
36
27
36
13
30
10
5
15
8
4
32
4
14
48
28
20
32
5
50
21
23
55
35
24
39
25
28
43
36
45
30
48
27
36
46
48
50
31
42
40
50
41
35
22
42
39
19
48
24
31
45
37
25
39
45
44
21
19
23
36
33
16
30
26
21
17
45
14
23
39
32
67
38
11
28
50
48
13
38
11
37
16
59
24
35
23
46
45
34
43
9
38
52
32
28
50
35
18
39
19
59
17
26
26
30
30
32
23
10
5
36
42
37
13
31
62
37
26
46
52
47
22
10
48
29
49
19
53
53
63
41
16
37
53
37
34
43
19
34
6
44
28
21
45
33
23
38
11
43
42
53
33
20
49
23
10
21
4
12
10
46
39
28
43
49
24
24
59
24
50
16
10
36
30
8
45
25
16
35
46
26
27
39
46
56
45
16
62
7
28
41
49
43
54
17
32
28
37
36
31
47
36
44
36
37
38
17
37
13
55
28
35
37
22
45
45
29
53
29
22
31
49
43
29
30
20
35
18
45
36
6
42
6
34
39
33
6
25
40
30
21
25
37
24
41
3
72
39
28
56
33
54
37
46
32
35
43
13
21
18
32
46
26
45
36
45
42
29
33
44
27
20
33
25
51
26
33
23
34
55
44
43
24
23
45
41
27
30
43
23
22
28
30
16
45
32
8
47
39
15
20
30
40
23
33
32
0
19
16
27
12
37
35
43
30
42
31
27
37
31
48
65
41
51
86
23
66
32
50
21
30
19
3
34
42
26
28
17
31
43
54
46
47
36
26
39
56
39
37
26
33
36
42
57
38
45
40
44
51
37
48
14
16
60
50
47
50
20
55
45
49
27
56
55
36
42
23
37
17
42
33
39
25
22
62
18
44
10
32
12
34
38
9
50
19
36
43
70
42
34
41
17
55
33
46
32
28
50
28
27
12
47
29
39
39
7
60
40
40
22
14
47
45
21
15
45
37
38
16
41
52
14
60
29
32
61
59
47
26
39
14
12
32
37
20
7
38
31
46
51
22
59
26
36
43
16
22
7
23
36
4
13
2
25
55
25
17
17
42
8
30
12
48
48
23
3
28
26
28
26
4
11
39
23
6
47
29
25
42
12
32
46
45
41
43
31
30
50
24
21
25
43
39
27
5
35
47
9
28
27
9
26
35
21
6
25
18
17
12
29
14
39
35
38
22
15
30
44
42
15
35
34
28
31
12
36
30
28
32
43
23
32
17
6
26
38
51
10
59
25
23
28
11
39
25
10
11
22
27
13
43
16
56
46
1
45
11
52
32
3
24
5
35
27
5
5
30
41
48
21
55
50
49
18
44
57
52
32
5
40
53
10
13
13
52
9
16
61
14
15
29
17
4
32
43
9
3
22
25
9
10
24
18
74
54
55
54
66
42
36
67
12
35
20
27
51
35
42
64
52
28
24
36
49
24
60
50
38
28
23
41
44
28
40
32
18
20
37
46
34
23
33
22
55
47
34
22
52
16
32
37
26
35
26
27
54
50
39
54
17
47
34
32
19
30
18
28
23
27
13
37
43
46
41
13
33
41
50
45
37
35
45
55
28
21
27
39
46
44
32
53
51
37
35
8
30
38
30
48
62
22
33
32
37
49
71
54
30
9
32
43
37
66
23
12
34
18
48
44
54
18
14
51
42
33
38
21
33
18
15
27
50
16
24
4
49
20
28
55
30
40
6
13
50
43
45
6
41
53
15
17
19
19
14
29
26
34
43
35
38
35
41
39
49
15
30
46
63
41
48
45
33
11
31
73
36
19
38
41
43
47
43
12
52
52
39
56
34
21
56
31
43
30
33
34
53
28
58
51
13
39
13
35
21
33
25
41
33
34
24
23
42
23
14
39
62
25
17
24
37
43
34
51
47
45
37
31
31
60
44
18
5
45
46
16
23
9
27
39
6
39
28
25
48
31
73
29
26
26
37
26
33
50
48
30
42
35
34
35
38
27
13
24
32
33
40
37
13
38
26
45
18
36
38
3
29
21
38
45
40
30
40
29
12
15
12
50
42
37
51
29
72
44
6
29
22
28
30
17
10
17
15
26
16
20
15
31
43
77
23
51
15
36
39
37
20
41
34
8
48
27
37
11
30
59
49
58
13
9
26
32
30
4
38
34
31
36
14
19
41
50
45
60
27
26
41
31
36
8
30
18
33
44
37
53
17
17
26
46
80
44
2
20
35
15
36
53
17
52
44
31
34
42
38
20
50
12
40
38
29
23
35
27
20
29
3
8
21
36
37
9
31
28
45
25
7
25
33
36
17
24
44
28
42
19
31
23
46
31
30
37
27
42
12
40
25
33
30
20
36
10
26
24
33
32
32
22
43
37
53
45
13
24
30
30
1
19
23
19
29
37
16
12
35
31
40
35
40
14
10
25
3
13
5
16
20
65
71
58
72
47
52
68
38
49
60
38
28
35
59
30
51
44
31
30
31
31
47
42
25
28
29
15
35
50
37
35
19
7
23
18
26
32
47
23
34
41
43
39
29
42
41
43
29
59
39
21
17
15
17
24
28
33
18
28
38
24
33
37
43
49
29
37
63
41
43
38
30
14
50
44
33
22
31
22
41
38
34
20
24
31
7
37
34
26
16
12
33
53
26
23
53
38
29
74
17
40
37
49
44
9
80
37
43
46
44
63
46
19
15
59
39
35
17
22
45
45
25
46
38
31
29
6
45
33
7
18
14
22
38
14
18
18
37
26
35
54
51
45
12
20
23
36
25
15
47
18
33
51
34
28
36
64
32
59
55
45
28
44
49
57
35
44
26
40
22
27
35
37
39
29
29
26
20
24
43
47
50
35
17
24
28
35
31
16
35
20
22
21
17
11
36
25
52
47
27
51
32
7
32
29
33
45
24
26
43
49
43
38
21
33
32
37
7
37
30
12
41
30
15
35
49
35
7
22
44
49
42
14
49
27
48
39
23
26
41
44
43
37
43
62
41
59
39
17
28
17
8
44
42
34
20
30
29
40
9
53
54
11
6
3
33
40
25
7
40
53
31
46
38
43
32
41
39
37
24
15
18
26
26
9
30
34
22
13
39
21
22
30
25
26
35
17
33
27
2
8
10
161
179
119
240
237
197
197
160
174
152
198
197
250
175
149
302
239
400
452
319
252
277
296
259
358
276
417
165
232
236
251
175
423
202
318
234
139
224
254
442
308
161
324
446
213
539
360
517
457
412
411
555
249
328
283
369
643
206
239
220
169
222
159
312
253
156
304
266
277
279
199
518
752
374
274
232
765
598
409
294
622
591
275
260
239
710
160
280
247
212
353
178
217
334
416
135
380
561
198
690
277
196
184
336
478
317
269
402
486
574
248
271
606
459
259
177
362
507
223
191
449
465
242
255
228
336
455
288
391
539
219
631
337
643
352
280
491
218
431
485
366
368
300
500
661
476
765
984
400
772
1034
18
24
28
12
25
14
48
13
49
25
39
37
31
29
25
21
25
29
25
53
42
32
37
46
47
37
34
39
32
18
19
29
5
49
59
31
4
19
47
56
46
11
33
42
24
24
20
39
22
34
35
19
56
40
27
27
2
22
15
38
38
17
32
21
38
43
20
34
58
24
35
13
33
14
35
29
25
23
37
42
17
19
37
41
46
16
14
37
34
29
32
8
32
23
4
16
23
10
29
15
28
53
47
32
26
50
44
24
3
19
41
21
7
19
17
34
22
24
52
43
26
21
57
28
14
26
6
12
26
16
20
33
8
24
45
27
22
37
35
8
19
23
42
21
22
7
36
33
13
29
13
38
38
47
57
60
49
21
53
44
64
51
10
52
69
36
46
31
10
17
31
43
36
32
38
45
45
29
43
64
69
48
18
28
38
42
50
33
32
38
22
26
51
58
30
55
12
41
24
43
31
29
35
25
41
33
36
18
51
41
71
46
34
66
45
52
39
47
23
31
55
21
9
25
24
29
34
11
7
28
20
9
41
29
37
34
34
53
41
23
47
34
78
52
32
32
43
36
18
38
6
31
25
40
50
9
52
32
40
14
18
33
48
30
10
26
49
33
26
16
54
30
43
27
57
58
37
34
51
30
7
35
9
35
26
14
64
42
50
26
17
32
33
51
36
7
26
34
11
11
27
20
69
29
30
36
35
72
54
49
43
36
56
29
29
46
37
43
40
42
24
11
38
49
22
28
37
39
33
29
21
34
13
48
47
46
19
16
13
71
62
11
16
42
57
19
49
36
49
42
21
40
23
31
40
32
17
5
5
23
38
43
35
13
45
24
31
11
31
46
28
10
36
17
21
34
38
14
43
46
28
27
29
22
37
46
27
15
20
14
45
15
23
36
40
37
25
21
54
20
58
9
31
34
30
42
22
17
23
48
44
5
4
9
21
32
11
14
30
11
40
50
46
43
47
62
45
14
15
39
52
24
16
17
32
50
47
22
33
37
50
16
69
37
68
26
14
40
27
23
11
15
6
46
78
31
39
67
48
56
56
68
70
59
25
39
76
13
27
15
40
30
47
30
11
18
19
24
20
8
11
26
37
20
33
24
29
29
75
15
21
48
36
63
33
45
43
57
19
20
40
29
58
34
22
46
36
42
39
28
60
32
29
39
41
51
37
29
30
44
42
19
24
19
28
34
27
20
33
27
17
12
54
34
12
13
24
50
21
30
10
49
55
24
24
13
57
35
36
34
8
45
13
52
36
50
54
13
54
17
28
13
57
29
33
14
20
26
55
59
22
31
60
44
45
54
26
34
66
42
14
35
51
10
13
25
40
16
36
23
41
26
14
39
36
37
34
37
32
32
38
17
54
16
15
15
27
13
33
55
38
50
8
24
33
15
25
19
17
35
46
23
26
10
42
40
31
30
35
39
31
27
16
22
14
14
11
24
19
57
29
16
55
39
53
24
26
54
29
60
33
28
20
20
25
24
40
27
15
27
0
13
51
43
16
31
23
48
50
16
25
39
23
16
47
16
24
45
43
32
12
47
27
27
15
3
15
37
32
24
13
36
46
28
45
26
39
45
11
30
41
2
45
20
45
45
57
31
6
29
52
28
14
48
28
37
21
36
45
25
10
8
14
26
31
50
22
34
38
24
30
22
16
8
7
36
37
23
51
45
35
14
30
25
33
24
23
30
16
20
19
13
12
22
6
40
37
39
24
14
24
49
30
21
34
33
40
39
19
52
34
43
47
12
43
28
22
31
37
22
21
9
27
36
13
23
16
23
45
40
18
23
25
58
58
42
30
30
43
35
8
30
45
27
34
40
20
7
7
12
33
17
13
23
7
7
30
28
24
23
34
35
26
49
43
49
23
8
28
37
29
10
30
40
31
24
15
21
55
33
11
42
41
48
38
12
33
48
46
24
33
15
13
50
12
31
47
41
40
8
23
30
47
23
26
24
17
24
2
18
22
35
9
28
9
43
25
52
51
25
27
17
36
46
31
2
25
25
25
34
25
26
37
17
13
36
86
36
28
42
28
25
10
18
26
13
21
33
31
37
45
24
22
20
28
57
27
27
12
40
29
19
16
9
9
46
10
35
40
7
36
26
25
38
50
17
37
22
30
53
27
41
38
29
49
35
50
55
42
40
44
18
39
11
42
49
23
28
17
28
28
9
20
26
19
24
21
6
9
6
39
44
5
32
32
25
42
15
7
29
29
46
11
18
36
43
24
12
40
28
5
17
24
36
18
26
18
9
25
34
58
45
47
37
14
8
55
34
49
28
16
27
51
47
22
6
27
50
25
18
24
28
16
7
42
34
13
25
56
14
27
61
18
23
32
24
25
31
52
23
29
42
28
32
51
21
24
62
60
17
38
15
26
2
30
30
6
52
41
52
28
35
71
62
55
81
32
39
67
57
38
42
53
44
62
19
67
27
36
54
32
35
31
31
54
63
53
26
32
49
30
56
45
18
40
50
31
27
43
39
38
40
38
59
56
43
31
34
18
27
28
28
39
24
45
46
36
28
36
35
46
31
44
36
27
24
22
36
41
19
34
40
53
29
23
44
25
5
32
53
52
30
24
51
47
38
34
33
32
44
21
31
31
41
17
52
22
32
48
37
42
39
30
21
24
30
37
37
48
28
22
53
29
55
15
41
36
22
50
20
23
12
36
19
32
24
28
19
21
34
31
25
44
34
34
44
36
39
56
30
54
13
23
9
15
16
12
6
56
50
40
18
40
32
49
40
47
50
37
43
51
38
48
47
54
33
26
42
11
58
30
18
41
44
15
23
31
37
42
52
51
32
34
28
31
39
36
20
8
24
42
25
39
10
21
30
12
26
34
28
23
32
35
45
20
40
28
27
33
26
46
36
19
17
21
25
42
28
47
20
18
16
30
9
16
17
22
26
19
11
46
31
23
25
26
37
55
10
27
14
15
27
9
17
25
35
32
17
53
19
52
56
18
18
29
29
19
7
16
35
30
13
34
17
40
20
34
22
22
64
46
49
64
42
26
22
54
26
13
35
43
35
38
49
18
34
54
23
18
31
48
25
11
13
19
12
24
33
9
69
89
33
48
53
59
47
66
56
58
48
27
26
51
41
26
73
58
26
36
47
25
51
58
36
41
35
39
60
51
41
53
35
35
37
49
29
36
39
41
42
44
55
43
53
25
22
46
28
20
37
32
50
49
20
21
31
34
42
35
42
32
32
28
34
34
38
31
28
46
34
27
10
24
60
55
21
51
39
40
19
9
38
27
32
30
43
45
18
25
23
42
59
25
15
51
44
5
44
30
37
44
23
35
32
46
44
32
22
36
56
31
26
14
54
47
26
22
26
37
25
41
34
33
45
52
18
40
39
31
5
41
51
27
9
28
10
16
37
13
23
32
26
29
8
6
36
16
17
19
5
131
143
134
207
301
192
207
154
185
143
201
186
247
179
165
298
251
392
481
315
241
279
273
260
358
289
402
169
235
213
241
177
344
187
318
279
139
217
230
362
342
175
336
384
244
476
451
501
489
422
459
599
250
305
288
368
640
196
254
260
168
247
136
289
282
168
312
238
308
334
165
584
690
439
291
253
681
654
433
249
574
609
240
284
175
636
193
241
289
221
376
194
221
317
436
177
324
557
196
653
296
256
142
315
425
378
298
443
492
609
253
258
589
423
348
133
341
535
256
180
400
446
266
242
191
343
462
370
411
569
214
629
396
645
372
255
469
203
416
456
375
429
305
474
808
520
667
1036
452
748
952
50
51
51
19
38
36
58
37
44
52
27
33
64
51
56
49
47
39
13
44
25
44
57
36
27
43
51
38
46
53
47
65
50
35
22
53
28
36
32
27
30
28
31
25
33
22
24
19
15
10
53
34
38
34
48
47
16
38
29
47
47
36
43
20
29
24
24
33
44
10
32
21
27
52
36
39
31
49
40
47
3
12
35
47
48
18
65
51
53
36
34
77
60
32
6
53
33
13
57
37
46
69
43
42
31
52
62
33
23
56
38
30
22
14
59
43
55
27
32
62
52
35
21
14
40
34
7
21
42
25
11
41
15
21
31
56
26
42
46
14
46
51
28
8
29
20
45
29
5
8
9
43
48
28
42
30
30
41
22
30
7
23
37
48
21
38
22
30
12
16
39
43
26
59
11
26
34
34
52
42
39
33
45
43
7
43
44
27
15
17
32
36
49
6
17
38
27
4
30
5
5
4
17
44
35
33
27
12
75
50
62
61
27
48
50
42
38
16
40
36
22
28
33
15
34
37
11
30
35
26
31
19
18
46
50
50
18
23
45
26
28
12
38
51
23
23
35
19
29
18
23
7
35
24
21
9
49
28
28
13
39
59
34
8
22
16
59
51
16
25
58
34
38
11
22
15
20
14
15
44
12
2
22
40
45
33
40
22
36
34
19
17
33
16
29
21
17
24
18
11
10
24
57
35
26
44
22
42
31
31
29
35
42
34
42
37
42
42
63
49
20
60
43
35
28
25
28
14
23
21
46
22
13
2
20
50
54
35
33
17
61
41
46
46
31
42
40
23
29
37
7
25
27
7
41
33
18
42
1
24
35
42
25
24
38
26
44
48
25
59
48
19
61
6
15
44
35
49
6
47
20
19
4
15
36
28
24
11
30
29
31
50
7
22
33
41
48
40
64
25
42
19
53
27
64
19
12
6
37
30
12
28
16
59
21
21
31
30
30
8
42
47
45
21
47
46
31
18
15
19
42
19
5
22
55
5
26
43
19
46
19
18
19
26
28
7
13
15
13
23
27
14
17
22
30
40
31
35
46
42
67
49
37
22
20
15
37
34
44
45
18
3
43
52
26
36
63
51
26
44
12
38
30
28
27
21
34
53
46
27
30
46
46
49
47
26
27
55
41
41
58
8
30
32
6
19
30
21
25
6
18
39
29
11
11
14
47
9
11
27
53
24
10
36
6
6
20
20
30
8
3
29
34
6
23
15
45
29
7
11
24
63
22
24
16
49
44
14
41
11
17
52
13
48
14
51
72
12
35
25
27
51
41
31
35
6
3
11
26
40
16
18
17
32
25
59
44
50
41
21
10
34
28
29
60
48
31
49
40
29
46
40
20
36
38
47
5
13
34
11
33
9
9
15
37
63
30
59
44
23
37
38
40
55
28
37
37
54
64
49
50
54
39
12
45
28
2
57
32
30
7
22
30
23
21
41
30
10
35
38
10
25
26
27
18
25
31
23
44
45
35
35
19
25
27
18
33
10
50
64
2
43
29
29
49
66
23
20
42
31
44
36
35
24
70
17
25
41
55
57
9
20
31
55
40
4
37
19
25
34
57
43
23
33
21
36
38
50
19
43
29
12
64
31
36
39
47
41
20
36
30
44
23
55
68
27
26
18
40
74
41
18
34
65
47
52
44
30
12
21
15
14
23
22
10
47
49
36
27
62
42
11
34
26
31
28
9
9
13
0
17
15
9
15
10
18
22
12
20
15
29
45
33
46
41
27
48
30
29
35
30
33
24
15
27
24
45
56
41
34
23
43
72
48
51
33
25
35
52
60
49
47
35
57
58
32
54
42
45
56
20
56
31
41
17
34
27
43
29
42
61
43
59
35
48
56
61
36
18
33
58
43
19
26
40
29
22
52
29
47
30
51
36
22
36
25
6
38
42
29
7
52
37
25
46
11
52
31
27
35
34
38
4
31
17
40
15
42
23
19
34
27
39
28
11
33
48
15
13
36
40
43
17
50
35
38
32
49
17
42
54
14
11
35
49
22
19
19
43
31
41
45
32
42
21
52
28
21
22
26
7
19
10
21
42
15
35
58
29
35
40
66
46
47
57
60
42
32
53
28
30
51
53
70
38
30
42
50
67
59
43
42
18
70
72
67
57
49
25
53
56
51
29
45
64
46
41
27
39
23
36
19
31
54
31
49
48
35
32
42
42
55
27
34
21
47
50
44
27
31
47
36
26
36
55
51
37
41
25
20
24
14
23
19
41
20
15
19
55
25
31
48
59
38
19
33
25
60
26
28
24
33
32
3
58
16
36
36
50
28
12
24
41
28
4
36
21
56
27
8
50
29
59
37
68
37
20
15
43
42
22
21
16
17
21
25
13
41
65
30
50
69
31
48
4
26
30
31
21
20
16
4
35
37
11
35
27
46
52
46
74
41
49
40
41
61
52
45
36
52
51
32
30
39
44
27
35
31
34
52
53
18
30
41
42
46
53
53
40
48
32
76
38
44
48
49
60
15
20
34
51
3
27
33
20
29
31
22
22
32
52
38
34
37
45
31
47
37
54
61
60
51
20
12
45
61
22
35
30
48
49
59
68
44
39
58
58
33
12
24
38
47
23
47
23
34
32
12
48
51
54
33
50
34
39
55
38
42
35
61
57
29
46
31
34
33
49
43
32
33
24
43
4
51
31
23
15
46
56
23
39
27
28
36
11
27
29
7
24
18
39
24
33
25
23
59
14
29
17
46
36
18
17
39
19
7
14
29
40
45
19
36
43
20
23
35
18
30
27
21
59
39
17
61
37
41
42
25
37
26
15
41
41
31
38
47
11
42
22
36
28
62
31
42
37
13
43
23
39
63
30
7
72
46
47
31
9
22
27
17
10
34
22
20
23
49
38
37
29
18
86
56
38
42
33
11
38
50
21
27
27
32
38
21
39
17
40
39
33
22
15
21
45
8
56
42
39
30
28
61
58
38
32
7
9
7
14
18
44
38
35
55
16
60
57
34
25
20
67
39
18
7
59
66
18
19
60
34
28
55
53
26
53
47
45
17
37
19
10
9
49
49
31
57
46
44
28
17
26
20
47
35
18
15
10
9
22
14
108
165
156
118
189
308
208
178
189
185
166
175
188
222
189
197
278
249
354
463
311
266
290
275
266
370
290
390
183
230
208
230
154
355
221
318
288
151
228
230
389
372
169
330
429
191
445
452
561
513
449
424
614
255
289
275
296
663
192
254
264
157
202
147
291
299
170
308
222
307
329
146
633
689
442
273
258
669
680
438
298
599
632
236
303
197
640
208
247
310
244
368
176
206
315
463
161
301
573
175
622
322
257
173
317
412
391
303
431
552
597
301
258
564
468
333
195
326
547
234
196
412
456
253
260
206
339
464
357
385
580
238
643
409
603
367
269
469
175
418
479
393
418
332
489
788
565
636
1046
479
696
993
51
50
49
15
44
40
46
20
53
16
35
48
26
37
40
13
36
38
21
45
32
29
23
22
21
30
10
45
34
40
25
25
28
43
56
48
23
62
49
34
25
44
43
11
66
24
42
28
36
38
14
10
27
23
10
20
3
70
38
47
31
21
70
45
46
54
38
51
28
37
37
22
19
9
18
17
40
20
30
28
41
25
58
31
55
36
35
36
42
52
22
48
19
50
32
25
29
8
32
31
49
18
56
28
21
27
16
34
36
31
40
31
15
37
35
48
58
19
20
32
47
27
61
43
24
16
25
42
36
19
16
18
38
22
45
74
11
35
36
32
32
11
45
29
2
28
18
8
27
10
6
