160
186
166
182
119
215
132
129
172
166
104
175
175
126
145
168
190
146
148
127
153
145
178
112
101
123
172
157
177
168
163
129
149
221
163
246
209
160
187
270
254
423
316
173
159
174
445
506
186
236
246
257
283
257
200
185
223
237
247
173
211
169
204
177
232
189
178
188
185
191
239
217
137
162
147
163
170
261
257
233
186
163
168
287
385
310
199
141
251
295
489
255
192
186
450
238
289
280
303
219
402
453
275
288
333
337
401
251
298
318
274
276
240
232
279
284
268
347
279
455
179
233
241
265
213
457
216
321
222
159
249
316
267
426
287
176
346
195
295
431
328
217
311
36
239
284
241
255
178
596
402
445
380
306
289
627
497
491
461
439
422
548
273
285
336
312
400
616
200
265
231
157
261
392
192
316
243
180
294
173
156
243
283
321
344
65
176
203
393
527
254
29
188
189
219
285
196
803
355
292
264
205
187
829
605
425
382
287
608
584
351
286
274
296
732
308
162
275
254
219
391
71
179
259
336
390
245
0
197
178
387
537
75
20
170
215
437
366
5
36
217
167
212
181
277
675
266
221
210
150
348
459
522
312
291
425
459
89
568
225
301
645
405
0
299
192
383
507
121
26
246
207
454
311
52
42
181
276
345
72
22
26
216
354
227
49
25
7
222
218
253
222
462
417
235
267
235
341
399
58
472
309
373
543
182
9
652
366
659
422
17
39
358
334
513
100
9
61
219
359
259
45
13
35
255
376
80
32
21
34
427
270
38
48
11
74
299
288
237
450
434
44
356
343
317
497
195
23
650
612
451
252
45
44
844
951
363
69
17
65
821
714
106
25
46
26
622
360
46
43
48
136
403
107
54
56
45
263
275
24
43
61
188
184
328
460
524
435
47
9
325
903
642
104
2
44
704
965
260
63
46
18
814
489
77
25
29
29
590
60
27
19
38
27
297
54
39
28
21
73
60
36
77
38
37
75
17
49
35
60
63
44
166
183
164
174
127
208
150
146
131
150
110
183
168
155
164
138
167
190
154
114
140
156
122
109
134
134
126
151
167
130
157
142
152
221
183
232
176
139
188
250
265
449
310
175
175
158
447
527
177
217
242
241
277
256
186
187
223
241
253
190
184
191
176
170
264
206
179
168
139
192
232
217
153
151
137
196
200
247
258
200
119
163
198
301
355
298
147
98
262
327
444
279
180
152
442
236
276
283
311
219
406
428
272
302
305
330
405
227
301
283
256
251
253
247
299
287
304
338
250
475
213
225
242
277
195
462
217
296
230
153
228
345
245
421
259
155
347
203
298
411
294
213
330
50
249
262
208
245
206
599
442
442
351
290
274
649
499
498
455
402
421
545
273
273
341
297
422
616
204
266
243
153
298
385
168
335
272
151
332
158
153
260
312
307
324
61
185
201
397
535
230
23
183
179
170
272
241
821
352
292
267
221
215
842
601
437
393
285
624
564
353
304
264
279
745
269
152
291
243
226
389
64
167
252
319
382
233
15
204
162
358
493
44
2
192
195
425
328
29
39
223
148
239
171
258
699
246
225
233
151
351
448
536
356
281
384
467
69
569
250
293
635
404
43
291
196
387
484
118
28
219
180
450
316
31
62
154
257
367
73
22
26
209
360
229
38
47
17
215
247
241
178
489
434
220
259
213
316
431
54
407
293
381
509
190
27
651
392
648
373
31
43
396
344
487
95
26
38
200
363
272
23
24
9
252
386
97
37
16
13
416
267
48
28
25
37
270
279
225
433
443
67
351
349
309
488
173
24
658
616
436
239
36
44
823
919
327
59
11
71
817
719
103
26
36
40
600
364
32
33
30
141
383
96
57
38
60
271
290
15
36
50
171
208
337
448
523
425
59
7
356
888
619
106
8
42
701
976
239
37
62
21
841
497
91
41
23
38
585
89
45
35
24
63
254
56
17
19
21
88
46
49
53
32
41
72
12
49
29
58
37
25
57
41
42
87
73
45
69
87
78
48
63
50
82
83
62
64
51
34
83
60
50
50
44
29
87
67
51
40
25
31
72
50
43
33
21
25
27
35
54
29
25
30
49
36
14
18
8
32
70
49
48
27
20
6
67
53
36
41
29
33
66
32
55
66
28
36
65
32
50
45
27
40
45
14
29
40
25
45
39
8
24
32
29
33
45
52
20
18
32
17
17
48
32
37
43
13
33
46
19
57
45
14
36
44
56
43
14
27
32
29
50
27
37
40
13
26
40
43
41
10
27
51
39
36
47
39
36
34
39
49
61
21
45
42
48
49
41
4
38
9
21
49
18
11
42
28
50
49
23
29
34
15
24
16
57
45
23
25
40
17
35
33
41
47
35
36
30
14
32
31
27
43
34
6
46
53
13
35
29
21
42
36
25
12
22
19
37
40
40
18
15
18
39
49
44
31
46
10
44
30
50
52
23
16
48
34
42
33
23
13
52
31
42
26
18
21
27
21
46
23
22
5
15
32
53
49
12
17
36
49
31
30
5
17
43
70
22
26
13
5
44
54
36
14
52
15
38
30
49
10
25
16
32
29
40
20
4
34
39
21
26
25
12
29
31
31
42
11
6
10
25
40
45
2
0
11
21
32
37
8
20
16
26
22
15
7
8
5
48
32
48
59
63
19
29
49
69
47
55
9
41
44
56
52
9
13
29
32
34
11
21
5
9
16
11
14
14
15
21
25
7
25
14
10
13
26
10
34
16
20
17
10
4
37
21
11
35
40
30
18
16
15
48
13
29
16
29
31
42
32
21
22
25
39
25
35
21
18
19
13
32
23
21
7
2
11
30
39
32
7
21
23
16
13
21
18
19
44
11
20
21
20
10
31
25
41
5
9
26
12
43
24
12
16
11
11
15
22
4
17
3
16
4
19
9
14
17
10
26
30
18
7
7
6
12
7
16
5
11
24
24
6
20
10
15
15
27
19
21
19
13
8
61
49
27
56
48
36
70
51
44
63
55
45
34
39
53
41
61
36
22
31
31
40
63
31
49
44
18
50
55
43
35
29
17
29
38
41
35
4
25
46
43
33
32
8
41
38
37
21
77
55
31
32
28
41
46
37
32
39
59
52
42
58
56
55
58
10
24
35
40
27
35
33
74
59
29
28
36
54
72
48
43
24
41
33
30
33
31
17
40
19
45
38
27
36
44
6
47
60
43
26
40
9
42
53
52
14
17
42
40
45
39
9
23
54
42
45
42
32
49
42
68
60
66
72
61
52
42
50
48
55
52
27
52
61
14
39
35
3
49
52
20
23
27
3
40
49
47
28
42
18
36
24
25
28
44
12
13
23
26
21
16
13
31
28
41
53
39
15
52
24
41
56
55
22
39
28
29
48
42
24
28
41
46
58
21
12
26
36
33
30
6
13
51
30
16
20
47
22
40
26
3
36
54
6
38
34
29
29
36
12
35
53
64
24
18
13
53
46
53
27
17
13
56
66
41
12
16
11
39
57
30
0
10
12
21
28
24
11
9
8
20
58
49
38
49
28
29
81
35
23
24
22
11
26
31
20
24
11
6
33
41
31
7
26
34
52
40
19
25
36
67
49
17
9
20
9
67
82
45
23
13
4
23
31
49
28
19
7
24
34
18
36
34
25
9
20
21
16
32
19
32
13
24
7
9
6
34
23
8
25
17
14
54
38
22
29
25
15
65
44
16
11
34
27
44
23
8
17
33
13
24
23
8
19
8
5
41
27
42
13
18
6
34
29
28
18
36
24
27
14
19
38
18
26
38
24
11
16
31
24
45
11
4
25
42
14
25
18
23
24
20
1
3
21
17
6
4
15
19
2
15
15
5
18
51
39
34
31
8
18
49
16
9
16
15
23
46
21
14
24
14
13
4
36
12
33
23
19
26
17
21
20
19
18
21
18
13
14
9
7
28
18
30
15
6
8
32
15
30
18
10
12
57
38
35
26
39
32
31
46
62
24
30
22
36
46
49
42
4
9
47
18
40
52
17
33
41
52
49
52
37
16
60
62
31
29
52
31
38
43
30
28
37
34
11
47
58
42
32
2
31
46
42
58
49
34
25
30
46
31
27
43
58
51
43
30
15
36
44
42
47
17
12
49
47
39
60
56
17
38
67
49
49
44
24
44
52
9
16
58
46
30
21
28
26
68
45
10
65
29
32
39
28
12
45
24
47
34
39
30
32
43
64
51
62
36
46
21
44
55
58
46
61
39
52
37
43
40
51
49
52
53
58
26
44
41
60
69
52
20
56
27
25
64
25
10
87
74
76
34
43
30
58
28
35
42
46
40
23
29
27
17
30
44
22
39
61
28
23
17
23
40
45
43
45
9
38
56
46
58
53
14
42
35
71
31
12
6
29
23
41
27
20
3
57
49
53
61
30
35
9
27
46
51
43
25
0
31
40
21
27
27
24
33
48
22
7
22
53
41
25
14
8
27
36
71
41
21
16
22
37
61
67
23
14
10
29
25
49
26
11
8
56
83
61
44
44
27
39
47
53
72
52
15
18
19
48
42
24
23
31
35
51
27
27
15
62
36
22
13
5
10
56
46
16
9
16
18
18
37
18
9
11
12
36
49
26
13
1
13
46
45
23
45
50
18
60
40
21
20
13
16
68
38
25
8
36
14
22
27
11
8
29
35
45
23
24
18
10
32
40
32
12
9
16
9
42
25
29
7
9
10
30
25
31
12
12
16
46
41
48
53
22
25
21
33
59
29
18
32
16
4
14
5
19
19
7
18
25
29
14
12
28
33
8
22
24
10
24
25
17
18
45
19
27
22
27
6
18
18
6
14
10
7
16
13
24
52
12
33
23
16
43
18
27
25
7
8
65
20
12
9
20
13
46
22
32
19
15
19
16
22
11
20
17
19
3
32
17
9
11
17
24
11
15
8
12
23
10
19
12
8
19
21
16
30
8
4
5
32
35
18
8
9
5
34
49
6
0
8
17
11
47
39
10
5
27
16
39
44
16
18
14
20
18
12
30
43
44
17
22
24
44
44
44
38
23
35
32
32
32
33
28
40
50
22
32
30
23
32
37
24
35
52
24
24
42
34
37
47
26
23
51
46
11
45
19
28
37
31
33
57
26
52
34
13
33
29
38
39
40
13
21
8
44
24
8
9
22
5
17
26
30
19
28
15
5
19
39
8
11
21
37
39
32
26
19
6
68
45
20
40
45
20
56
46
25
37
48
36
45
45
18
41
30
35
44
36
14
31
16
7
20
23
35
32
12
11
53
34
42
28
30
5
13
28
35
42
19
1
24
18
19
33
18
30
61
55
41
27
44
23
48
54
43
33
31
27
14
31
20
22
21
24
11
32
37
28
20
17
15
33
38
11
26
17
46
33
39
26
7
10
45
46
22
21
31
15
32
55
35
26
24
16
41
34
34
30
9
17
42
13
40
30
9
16
27
29
35
35
8
17
32
36
41
4
20
9
21
30
49
22
20
7
30
20
17
10
47
33
16
30
15
5
42
19
28
26
42
15
6
25
36
41
43
23
8
20
36
68
34
18
11
6
37
53
22
16
19
36
35
28
11
12
17
19
42
27
12
18
9
18
30
35
38
36
31
6
52
12
49
17
9
18
52
16
15
6
21
26
44
24
32
24
7
11
41
36
23
15
0
16
62
44
25
21
24
17
53
14
13
28
38
22
13
8
21
4
32
26
42
42
29
22
16
13
30
51
49
38
16
16
42
41
32
30
21
12
36
11
19
5
15
7
16
32
17
11
15
11
25
32
10
10
7
10
20
10
7
14
14
6
32
22
9
18
17
17
53
27
16
21
22
29
23
21
22
34
34
6
10
20
19
34
31
14
16
16
2
17
15
21
9
15
20
10
20
6
16
8
19
3
16
21
8
14
8
16
9
13
4
27
12
13
33
36
57
57
65
54
49
26
79
84
61
68
56
46
68
69
84
70
57
13
85
60
68
26
42
50
62
54
33
43
35
32
46
29
29
42
46
22
50
36
37
24
35
30
25
45
44
54
29
23
28
43
47
41
35
21
32
41
50
29
36
41
33
47
57
62
48
13
24
58
74
67
32
21
31
58
51
29
37
38
36
27
36
46
28
35
41
13
38
47
33
7
39
27
20
30
42
8
37
32
51
50
57
22
42
18
12
43
26
39
38
32
30
40
44
41
10
22
25
33
43
24
29
26
32
27
44
30
45
36
50
33
59
23
36
34
49
47
42
13
30
34
44
55
29
6
43
20
50
64
42
13
39
20
51
44
35
12
34
28
16
24
34
7
41
45
52
39
16
20
29
40
29
63
33
15
37
41
34
53
51
28
42
62
50
37
21
18
40
67
39
19
6
16
36
60
50
55
29
22
41
25
44
52
29
14
45
38
13
27
32
0
41
25
30
19
25
21
53
48
49
29
29
11
27
52
45
32
49
20
13
63
12
16
30
15
19
51
21
5
15
24
53
54
38
55
57
22
62
57
30
53
61
38
38
47
28
22
37
27
16
15
9
22
16
14
22
25
20
17
8
17
37
13
6
10
10
34
27
19
0
5
10
25
70
37
14
12
11
15
46
34
44
69
38
20
37
53
24
51
27
16
23
40
32
9
14
3
12
45
22
12
15
25
14
32
11
23
6
31
13
35
26
16
14
19
34
7
9
12
4
20
27
22
24
20
14
12
54
40
37
20
14
13
20
41
42
6
5
10
37
62
33
10
7
28
13
5
7
4
13
29
28
33
10
13
11
19
35
8
15
9
4
24
16
11
11
17
10
20
6
20
11
21
12
8
37
15
40
6
15
23
34
16
30
4
2
13
21
16
20
21
9
19
35
17
22
19
20
7
36
4
19
13
8
12
10
21
24
25
17
7
25
47
12
21
15
11
42
27
2
13
15
25
45
58
47
38
57
24
41
35
49
57
52
40
41
32
38
29
18
28
55
25
23
33
34
15
47
28
8
47
52
53
27
37
53
33
40
59
34
35
29
30
44
40
27
25
10
34
39
34
73
48
45
34
40
30
16
43
33
35
43
24
22
45
40
35
67
54
26
43
39
34
38
44
28
50
21
50
26
25
43
66
39
53
47
27
41
50
33
37
30
9
46
13
13
47
25
2
51
26
19
42
17
17
37
23
28
44
32
20
39
25
32
56
32
11
53
34
38
61
36
25
32
30
21
44
52
31
31
25
8
38
55
27
42
36
21
21
39
28
44
34
31
42
13
22
35
58
34
33
42
26
36
16
40
44
38
17
7
24
42
24
26
27
29
42
46
35
24
23
31
56
41
44
54
3
25
32
44
21
43
7
20
33
34
24
14
17
2
44
23
13
21
35
17
18
36
18
26
32
43
44
46
39
60
8
41
25
42
64
55
29
43
35
59
56
14
25
47
33
30
35
10
9
16
29
31
39
23
21
26
61
54
24
17
13
29
50
35
18
5
4
10
19
39
48
28
16
35
34
27
40
27
26
39
44
51
34
20
19
41
41
66
41
16
13
54
51
38
41
8
18
19
43
29
27
21
22
25
36
20
14
22
18
18
34
10
17
2
3
32
47
42
25
21
19
30
14
28
14
19
12
22
34
14
22
16
6
26
45
29
28
13
16
13
29
12
14
0
17
60
41
15
7
18
16
32
31
17
14
16
11
25
36
9
17
11
6
40
46
28
19
14
15
42
23
24
28
12
14
33
1
10
27
9
15
12
8
28
18
12
14
20
11
15
7
11
26
48
1
6
13
19
26
32
26
26
38
32
7
20
35
28
32
39
13
34
25
17
18
5
30
61
37
4
19
16
27
35
31
9
26
10
6
8
25
21
34
17
20
14
15
26
14
15
15
11
12
11
9
25
12
4
7
17
27
18
12
10
30
24
22
3
4
48
21
49
32
25
32
50
30
23
25
24
43
40
23
13
30
27
25
61
46
11
39
30
11
54
28
15
61
41
24
43
23
30
52
36
19
54
35
15
42
73
27
41
26
32
58
58
25
36
44
61
17
36
32
35
37
45
29
25
25
44
20
8
35
38
35
33
37
28
49
31
36
35
34
49
50
28
39
57
23
32
29
30
30
29
30
34
25
24
17
15
42
35
45
48
24
54
86
58
37
48
22
43
65
35
14
32
23
36
41
40
36
26
27
47
59
60
52
15
10
39
37
31
42
5
11
71
10
30
18
28
19
66
50
46
11
32
17
45
77
51
31
5
13
36
41
40
58
52
20
46
26
46
49
51
26
33
43
29
16
22
16
16
44
14
12
8
8
34
37
37
30
24
26
53
33
30
34
22
15
37
15
13
49
17
22
6
7
37
33
33
9
35
45
58
66
49
22
21
42
61
57
59
18
20
40
16
18
41
6
43
17
27
42
17
19
27
53
34
42
38
30
16
52
18
7
19
21
29
30
34
7
13
32
30
39
28
9
10
17
52
30
52
53
44
13
37
36
38
61
31
9
35
35
26
19
15
27
47
34
49
23
16
30
45
37
40
5
26
6
34
53
34
11
27
1
51
50
12
22
10
8
42
42
12
31
18
4
54
47
23
12
41
5
59
36
38
50
32
12
37
46
50
50
20
6
20
44
43
4
31
24
46
50
21
18
21
16
53
51
9
17
7
6
36
20
24
3
6
20
25
13
28
19
9
9
44
67
73
56
31
11
17
35
63
28
17
23
19
35
45
14
35
40
43
35
19
6
39
23
21
22
20
4
10
21
10
30
10
6
21
18
20
22
14
15
13
6
7
18
10
16
6
14
47
20
55
27
19
15
36
25
16
14
17
22
24
42
24
22
17
11
6
26
18
22
24
21
18
22
18
9
14
26
15
7
16
15
33
11
11
17
23
12
23
16
24
11
10
23
20
12
35
30
39
25
25
52
12
28
50
53
53
41
49
29
25
35
43
39
44
21
5
6
23
11
31
34
20
21
44
26
40
32
19
26
31
18
33
18
27
43
16
22
36
36
24
37
14
10
67
68
28
31
23
23
57
33
14
86
35
42
13
51
41
84
54
49
17
31
19
28
41
62
58
39
8
39
31
43
50
37
20
31
28
22
55
31
4
32
50
34
35
46
19
30
57
46
51
40
56
51
51
20
25
35
44
42
39
35
41
46
39
34
25
31
54
44
40
26
22
22
64
28
31
30
17
14
48
40
33
21
23
31
33
64
51
46
36
17
43
46
32
48
42
2
21
35
21
8
29
30
35
31
33
22
38
14
51
37
46
32
9
21
55
35
38
33
34
13
32
64
49
30
41
11
28
56
77
23
31
22
22
36
37
21
13
16
5
39
26
22
28
7
56
46
36
21
32
34
43
45
25
25
30
22
58
40
30
15
3
23
49
29
31
47
24
17
36
37
29
42
21
6
38
34
29
7
9
17
19
44
34
23
19
13
31
38
11
4
16
12
54
32
16
24
30
17
58
20
27
40
34
17
24
24
45
34
7
7
28
22
38
36
14
12
37
26
52
23
15
10
39
37
47
18
0
17
57
42
26
10
24
13
67
60
18
10
14
29
31
30
39
37
30
4
28
16
25
23
21
4
50
44
43
20
4
14
38
41
55
15
6
10
36
34
13
21
12
12
47
22
19
7
19
8
29
5
6
31
19
14
39
9
29
30
4
11
31
26
19
37
44
28
7
14
41
32
25
15
8
22
33
7
35
18
14
3
17
12
25
11
28
11
22
14
21
15
38
8
10
14
15
11
17
9
7
7
7
13
13
9
18
11
5
2
42
31
26
6
22
17
22
30
24
30
5
34
18
3
28
20
14
35
24
21
9
7
29
20
33
21
14
16
26
8
14
9
12
28
17
15
4
6
3
16
18
3
3
13
15
16
8
12
29
32
56
23
15
32
31
38
30
19
32
32
40
29
9
43
46
17
43
12
35
46
12
13
34
24
53
33
20
24
4
29
37
30
18
27
17
30
23
42
22
27
41
36
22
49
23
19
23
37
57
60
44
45
29
28
27
38
57
37
35
38
27
21
36
30
36
38
36
36
24
25
39
39
28
40
17
35
29
32
43
39
9
35
31
28
55
33
22
17
47
32
51
29
25
9
23
19
42
43
44
39
29
14
19
46
60
39
39
20
9
41
41
28
43
25
29
36
11
10
36
19
39
32
31
32
37
33
33
20
49
44
30
31
7
43
19
24
27
18
9
51
32
5
48
23
20
38
58
17
5
23
36
25
26
1
0
44
30
6
1
28
47
24
27
29
36
27
70
43
27
44
22
25
62
44
39
30
17
20
21
13
45
32
10
13
11
15
29
7
10
6
56
57
15
21
46
16
30
33
44
46
56
29
6
16
45
53
20
22
33
40
28
38
4
19
49
46
14
33
31
28
54
25
13
36
36
24
37
47
30
26
8
8
19
54
29
7
4
11
37
20
18
43
35
14
42
50
19
34
37
14
45
52
30
18
35
17
63
36
29
22
21
25
58
39
28
21
11
17
40
44
15
19
8
13
34
46
0
26
34
16
43
25
23
28
14
10
45
33
14
40
34
3
31
29
26
38
39
4
27
48
46
25
18
8
37
39
26
17
5
13
40
49
22
17
19
17
30
26
24
21
23
16
31
27
8
11
8
33
33
15
14
5
4
15
31
24
35
58
34
34
36
28
32
18
6
15
26
22
20
2
28
17
16
13
7
30
9
15
12
15
6
27
16
14
12
8
5
3
10
7
11
16
14
5
15
4
15
20
13
20
10
18
40
30
40
15
43
6
23
39
29
14
25
0
26
14
14
11
19
14
1
22
22
24
15
14
18
15
24
24
20
13
5
16
13
13
42
14
18
24
15
23
20
18
17
15
25
5
7
19
7
23
48
21
33
30
34
45
30
30
25
31
36
26
25
19
29
39
45
50
17
6
38
33
25
24
24
19
33
49
25
20
24
18
33
64
49
50
42
25
42
58
5
63
68
25
44
9
55
25
17
37
54
49
48
37
9
32
38
41
36
25
35
27
45
42
21
33
45
33
45
47
35
53
53
26
33
28
30
41
52
9
23
28
14
18
46
17
44
26
19
33
38
51
43
18
57
27
51
57
33
32
60
17
44
38
29
52
59
38
25
28
43
35
59
57
18
42
32
13
66
35
47
57
27
31
46
25
65
46
35
30
23
39
51
48
26
3
25
27
31
48
16
7
32
54
42
53
57
20
40
39
48
48
49
30
55
25
16
37
28
25
46
32
34
10
31
15
44
44
50
28
43
13
81
22
34
51
57
12
60
10
26
50
11
22
25
34
45
28
28
18
35
46
66
18
30
32
43
33
53
27
57
31
44
29
49
43
25
7
33
28
46
35
32
11
26
41
15
19
29
12
35
33
8
30
19
25
36
19
17
28
33
18
34
17
25
16
7
9
61
42
25
15
41
21
73
66
33
43
46
17
44
47
34
61
15
11
49
16
38
34
15
16
42
17
40
8
15
6
22
31
21
8
6
19
60
63
28
16
8
33
73
69
22
29
16
17
20
60
57
56
39
15
47
37
37
45
30
16
16
33
33
25
4
14
9
57
32
12
0
20
47
43
25
41
5
23
57
23
14
38
6
22
46
9
10
8
3
18
24
38
11
8
13
25
39
17
60
64
6
12
56
27
21
47
4
9
38
35
23
34
16
8
21
32
23
11
4
19
13
36
24
11
18
20
24
22
8
5
17
18
21
6
8
8
21
13
7
12
15
14
20
9
38
41
31
14
26
18
47
11
22
24
36
23
42
16
1
24
23
27
27
16
5
16
10
22
14
9
11
6
15
11
21
14
9
10
27
13
34
17
13
13
21
19
15
22
15
3
15
4
179
200
147
155
134
191
166
139
161
155
114
189
157
144
170
129
197
171
123
125
143
122
163
120
143
111
152
176
161
153
173
134
142
219
190
242
218
143
173
235
263
430
312
144
188
163
418
501
186
260
250
247
305
268
195
259
244
255
287
174
215
185
197
167
240
221
211
191
169
214
249
237
163
184
148
216
176
253
238
212
169
195
141
288
379
316
174
154
254
289
492
282
178
166
417
213
272
288
296
211
386
432
268
301
307
281
411
249
289
308
245
238
265
215
306
312
245
342
255
451
214
209
225
277
193
469
202
304
209
156
239
329
243
413
274
179
362
208
279
423
315
230
340
42
222
277
225
247
157
593
406
466
344
279
246
680
512
508
471
435
431
601
293
308
359
309
457
608
193
228
251
184
305
387
167
294
263
208
312
148
168
281
297
327
325
49
181
187
406
546
205
16
202
177
170
297
241
807
347
257
236
232
192
821
605
444
388
301
595
562
367
320
272
328
764
269
177
284
248
249
424
69
170
239
349
387
233
41
156
131
375
512
45
16
179
197
408
357
5
24
218
147
192
136
269
698
214
224
208
123
358
452
498
326
302
411
422
72
588
248
338
636
351
1
294
160
403
503
91
28
188
207
459
264
56
37
166
290
361
41
26
22
217
329
201
31
34
17
254
207
212
213
494
434
227
225
202
360
444
45
426
281
381
537
214
0
643
411
655
396
21
46
376
370
539
89
16
48
226
377
244
28
28
11
264
372
58
55
34
32
400
249
42
15
31
65
283
302
226
450
455
37
385
373
320
507
187
3
681
704
453
233
38
54
851
972
324
52
20
67
890
681
70
41
64
46
671
355
42
19
27
145
411
90
42
42
63
270
249
46
27
46
190
213
348
455
520
432
52
15
342
897
658
139
15
41
680
953
264
69
49
26
798
455
86
47
24
21
565
93
75
43
19
43
254
55
7
8
36
63
34
29
33
22
55
61
1
46
35
46
47
43
15
24
45
29
13
17
22
28
26
11
8
27
22
31
6
20
15
27
16
57
47
25
17
8
26
14
51
67
12
20
25
17
24
53
33
41
48
16
35
50
42
16
32
31
41
54
29
17
38
6
19
40
52
33
51
28
40
47
42
18
25
51
32
23
44
37
13
51
39
35
28
55
24
23
38
43
11
28
49
28
6
14
24
23
49
41
12
15
43
12
35
36
39
46
27
9
52
47
30
54
7
21
30
48
27
31
31
51
18
57
42
27
68
36
16
37
43
18
56
22
40
38
29
39
47
45
38
41
22
33
42
25
12
17
28
25
29
19
35
39
28
44
24
14
24
66
43
40
24
26
41
16
19
46
23
26
22
24
35
48
36
10
9
29
61
21
38
25
27
23
28
15
30
29
61
51
40
39
23
17
48
49
36
45
20
16
29
26
25
29
14
13
11
29
27
40
32
19
34
23
35
51
45
30
42
35
18
35
21
31
15
21
30
28
23
12
33
35
42
49
21
19
42
48
54
42
22
20
43
27
52
26
24
21
38
13
21
18
12
24
26
52
36
24
25
7
19
19
49
30
31
18
13
39
47
18
16
9
33
44
44
11
17
2
31
16
31
13
16
5
29
11
14
10
13
9
46
37
8
25
19
23
49
46
7
19
23
20
55
43
64
32
28
19
30
56
62
31
16
14
12
32
39
16
5
1
14
40
44
7
9
25
32
47
37
10
16
21
37
23
20
19
17
8
23
25
25
27
31
12
16
16
17
11
33
8
46
97
69
55
7
19
50
57
60
10
14
28
19
15
29
16
4
8
7
13
10
24
30
18
12
21
21
32
22
23
33
6
15
11
5
20
44
12
14
11
13
20
16
26
22
17
20
21
17
47
46
10
3
25
50
4
15
14
11
10
46
16
5
13
10
20
14
26
36
10
7
4
24
12
16
17
9
14
21
23
12
14
4
16
23
34
8
13
14
5
12
16
11
3
3
16
29
43
30
23
29
43
27
22
14
9
40
42
28
26
10
17
47
24
17
3
12
27
37
25
1
31
35
30
37
31
32
35
43
32
45
34
50
27
40
22
35
37
34
40
27
25
13
29
43
16
31
29
26
39
38
37
26
36
31
9
28
47
29
34
47
32
40
15
25
26
32
44
47
30
47
25
19
20
47
57
59
29
26
13
52
67
44
23
51
37
37
86
60
37
33
25
36
32
52
49
36
29
63
48
33
43
30
39
43
41
21
28
51
30
38
29
35
27
37
17
38
33
52
26
16
28
22
41
33
29
55
27
49
45
27
42
49
18
40
46
28
40
30
4
35
69
39
46
20
30
51
49
23
26
28
23
43
32
21
30
19
16
9
24
15
23
27
4
21
17
30
14
24
15
45
19
19
30
15
3
59
34
33
42
24
10
44
40
38
23
13
15
63
55
48
38
42
19
41
33
42
37
32
22
24
33
39
35
16
6
41
29
51
21
25
20
49
32
52
39
16
15
33
46
10
31
31
15
41
35
14
10
6
32
58
48
38
10
4
27
37
25
48
29
51
26
47
30
49
26
39
7
16
29
48
28
41
1
24
35
49
3
17
5
47
44
42
3
29
1
36
51
46
14
12
9
45
58
22
20
7
19
52
26
14
22
16
25
25
70
40
39
83
9
37
53
52
39
20
30
35
40
44
41
21
14
27
58
23
26
20
13
44
60
31
10
23
19
59
55
31
6
14
18
73
35
10
7
23
12
45
11
14
7
15
15
41
52
42
44
34
29
37
45
50
36
24
24
26
21
27
15
21
11
37
30
22
5
23
23
47
23
22
7
12
4
26
20
12
18
10
20
9
22
0
6
11
14
15
19
9
28
13
1
64
53
33
30
24
10
62
51
18
14
18
19
43
33
11
11
10
12
14
46
3
16
10
25
12
7
28
24
11
10
21
7
27
14
35
21
19
11
8
14
20
22
24
15
9
5
10
19
4
21
29
8
9
35
6
6
34
44
16
46
6
20
19
38
33
38
14
20
10
16
42
29
44
19
27
52
31
50
50
20
36
41
43
66
24
7
33
52
49
46
36
30
45
55
43
17
57
49
33
52
23
12
66
38
27
39
49
35
51
36
22
44
41
48
50
32
29
44
24
35
28
29
27
21
48
39
48
49
25
40
41
36
43
28
34
21
28
25
21
19
22
27
40
19
44
43
41
15
15
46
51
45
49
22
30
46
39
42
49
25
32
29
46
33
36
46
41
11
65
47
29
49
43
35
51
56
40
38
45
28
20
25
47
56
43
14
44
20
49
51
9
24
39
45
54
32
48
31
25
21
50
50
42
8
24
16
45
33
35
21
38
22
4
9
50
15
42
27
29
17
44
20
32
26
46
42
16
11
31
12
20
54
13
9
23
45
44
6
9
22
18
16
39
24
22
23
45
23
56
43
59
17
52
58
42
47
40
9
47
48
19
38
16
23
36
34
15
36
29
20
17
12
11
34
34
36
20
11
4
7
21
6
56
62
9
19
12
22
25
9
15
35
58
9
30
20
25
25
42
9
31
38
41
15
6
4
31
38
27
16
8
13
34
17
9
21
17
20
53
17
13
31
21
14
50
43
20
21
22
13
40
31
5
22
32
20
42
38
56
27
19
5
43
33
50
27
25
3
30
11
12
16
14
17
37
20
2
6
27
15
29
39
9
5
39
12
27
23
18
19
28
25
55
29
11
12
23
13
68
24
19
22
18
10
56
34
41
34
16
14
38
31
25
25
19
13
20
35
20
14
13
6
15
38
13
31
20
11
34
5
11
28
27
9
47
14
1
36
25
4
17
5
13
13
13
4
22
1
1
15
5
15
29
42
37
32
13
11
42
29
18
15
14
17
22
29
17
20
17
22
22
13
21
27
22
14
24
9
7
16
16
35
28
11
7
20
21
29
18
18
6
21
7
9
19
22
12
13
5
4
68
44
40
47
58
34
54
32
30
34
73
23
63
63
45
52
51
9
72
48
53
47
26
7
67
39
63
59
27
15
52
53
52
53
24
37
42
63
29
15
17
20
44
58
20
32
36
20
37
40
46
42
41
20
46
59
45
39
31
14
35
45
37
27
23
22
74
39
46
34
22
27
68
64
50
39
23
26
30
51
56
38
31
33
28
68
48
39
40
31
18
43
11
40
31
15
29
56
71
47
52
36
38
55
45
29
29
38
36
61
64
39
50
60
19
18
46
20
26
45
36
36
35
23
26
39
44
66
18
16
56
44
39
47
22
40
58
8
29
67
50
49
41
27
64
44
84
69
28
6
37
31
42
49
28
20
42
37
38
45
31
12
27
42
7
30
38
5
28
46
29
17
49
9
18
25
58
40
36
17
23
42
51
60
26
11
25
34
16
38
8
4
53
45
53
52
44
39
29
53
54
58
47
26
34
53
53
66
26
18
20
34
48
36
17
15
37
38
45
8
5
29
34
42
38
28
3
14
46
44
32
21
9
3
49
36
14
15
11
15
65
71
47
42
51
20
59
79
37
44
49
14
24
50
43
28
21
2
14
11
29
31
3
12
24
21
27
30
2
9
34
30
25
25
3
7
29
33
22
7
5
8
63
29
27
13
12
25
49
32
30
56
31
38
50
37
37
69
27
29
56
38
36
25
6
32
25
8
16
16
20
21
10
20
9
10
14
10
19
32
6
22
37
2
44
5
13
13
27
15
66
17
9
34
27
3
22
11
81
23
19
6
32
34
56
14
13
11
10
19
60
13
24
15
23
21
29
24
10
21
14
16
0
17
23
10
16
25
17
35
18
13
7
8
26
28
11
9
7
4
8
12
4
17
49
53
21
9
16
25
61
35
25
19
18
17
33
12
4
13
22
20
5
24
29
20
9
5
28
22
33
7
13
26
10
9
5
13
9
24
20
19
16
15
1
4
26
12
27
10
10
20
23
32
14
22
39
18
32
33
40
40
9
30
51
34
47
49
31
22
28
16
47
50
43
54
31
25
29
50
31
18
24
32
32
22
47
28
29
49
33
33
54
35
33
20
40
47
28
7
35
48
55
27
43
36
37
60
32
9
49
18
39
31
19
31
34
31
61
44
33
48
21
32
36
34
26
34
35
27
28
34
27
25
45
43
37
61
49
23
32
25
24
39
45
14
9
19
43
51
27
20
19
25
44
33
20
14
28
28
31
28
30
27
50
18
36
43
39
28
32
12
29
42
21
21
33
20
21
41
16
9
23
22
21
34
11
27
28
24
32
28
27
24
30
22
45
9
48
66
43
16
48
29
15
69
59
21
33
48
32
41
43
38
23
31
52
43
31
26
29
34
49
39
21
21
28
65
52
7
12
15
32
56
46
45
23
11
38
36
17
10
15
5
38
21
28
32
38
29
40
14
46
51
26
16
38
30
31
51
14
7
23
29
21
19
20
17
18
20
53
40
25
33
7
7
38
28
7
21
9
9
18
14
20
20
17
34
13
19
5
36
17
17
26
37
27
14
36
41
30
41
21
21
35
65
35
51
12
17
52
87
38
20
10
18
36
46
22
16
21
13
13
18
18
11
8
7
29
21
26
9
7
5
56
20
24
15
16
27
60
39
17
62
21
20
53
57
60
42
18
14
46
40
40
21
10
4
25
29
32
7
18
5
34
27
38
14
16
14
52
33
12
19
9
22
60
40
22
9
20
23
36
19
22
6
17
15
46
75
25
31
18
41
41
47
16
16
26
43
35
8
23
34
15
26
16
18
36
18
12
25
11
29
42
23
16
25
21
8
22
23
15
27
14
6
30
1
19
12
6
15
36
24
2
23
42
52
30
26
21
16
36
9
20
26
20
9
10
9
19
26
18
15
11
16
34
38
9
17
20
23
9
8
19
29
9
36
12
10
25
26
17
26
11
19
12
12
8
20
0
24
20
10
30
58
32
17
38
13
7
32
42
44
33
27
34
47
29
55
46
24
57
47
24
28
47
24
57
41
38
49
15
21
31
25
23
47
60
25
24
5
30
29
66
25
26
12
29
36
33
16
54
59
41
24
43
28
56
47
48
36
40
42
36
51
58
56
51
38
25
44
31
50
61
35
44
31
50
41
59
29
49
30
32
22
15
29
40
47
17
26
38
19
26
49
17
33
47
19
49
52
48
8
1
31
43
48
36
23
16
46
40
64
16
13
30
34
30
63
24
17
43
25
59
53
39
40
56
44
57
58
36
33
48
31
37
56
37
54
53
29
63
50
42
69
24
27
47
47
67
45
27
7
44
32
40
36
35
34
46
57
44
55
47
45
56
59
38
46
23
14
66
42
32
27
19
4
23
46
49
31
23
4
20
40
35
38
24
11
22
30
35
25
19
23
22
41
24
24
28
22
12
14
3
33
40
28
29
33
36
24
21
14
46
52
50
40
21
27
47
48
18
29
21
20
32
55
46
23
12
8
13
51
60
37
6
5
25
17
40
26
8
17
17
53
32
34
39
26
32
36
20
15
32
29
51
33
35
15
10
26
30
34
29
5
23
7
50
49
7
4
4
16
62
49
29
12
23
31
34
32
31
5
25
28
10
20
3
9
5
4
46
23
37
34
39
15
50
33
14
12
26
12
13
27
29
16
17
31
31
39
34
9
13
21
44
33
9
8
21
12
27
27
23
11
8
17
8
23
10
19
19
17
14
10
34
20
15
14
57
21
23
13
6
13
43
25
9
24
8
15
31
20
14
6
23
23
27
8
17
13
5
7
19
12
29
10
15
17
25
12
18
0
5
12
21
15
1
16
25
15
17
16
10
12
41
28
44
19
28
25
18
14
67
11
14
23
1
17
35
18
6
14
10
7
40
25
21
15
18
14
5
17
10
5
19
18
27
15
9
23
22
22
14
32
11
18
4
13
33
5
10
10
8
17
55
52
66
34
53
57
67
83
75
41
60
34
57
42
49
48
37
39
54
11
41
57
68
59
35
21
48
63
66
25
50
32
33
36
42
48
49
46
47
21
41
57
54
38
38
45
45
24
75
71
41
27
61
19
46
61
35
35
15
10
48
37
17
43
34
32
31
56
48
32
22
49
18
39
27
43
45
38
16
25
25
20
40
42
34
51
34
42
30
18
34
16
37
52
31
6
21
34
7
41
23
7
52
38
21
46
28
29
48
26
22
36
31
27
21
21
27
37
35
22
15
44
28
16
27
36
25
47
29
21
29
10
44
46
20
31
27
15
16
32
52
13
12
23
53
43
39
43
53
29
31
46
49
37
33
21
50
46
27
38
16
1
59
36
33
52
21
28
22
53
39
30
47
25
27
47
34
38
36
14
29
31
25
36
10
22
20
32
38
7
7
7
29
24
57
52
14
14
40
60
51
27
32
20
7
27
43
11
34
27
18
46
68
13
19
37
25
50
48
30
36
11
41
41
26
16
20
13
33
31
24
14
26
8
44
44
27
6
35
9
42
30
20
25
40
24
10
21
31
20
23
29
34
26
32
19
20
20
40
23
30
8
11
18
24
34
20
24
21
11
24
31
32
19
14
24
11
45
27
24
19
16
39
40
28
38
12
16
71
42
26
41
49
2
47
9
44
66
37
23
16
27
34
37
20
20
18
25
14
18
10
26
33
23
24
11
14
14
45
37
15
17
26
17
31
25
37
4
34
18
9
10
13
23
6
23
59
42
32
36
14
31
20
35
22
10
11
36
31
17
34
6
13
21
31
28
15
5
21
15
3
21
9
7
25
9
23
27
10
31
11
10
28
22
8
33
8
17
10
8
24
7
15
19
16
28
31
1
14
13
28
19
48
16
24
6
8
25
36
9
13
12
13
16
10
20
15
21
8
31
12
14
3
15
14
30
31
12
20
25
36
9
13
6
12
6
6
11
19
5
7
16
22
35
28
38
46
15
31
37
26
13
46
36
36
45
22
21
21
49
7
30
47
47
36
26
12
26
33
38
24
23
11
28
25
19
2
14
3
36
26
39
23
12
36
54
35
52
12
9
37
25
57
60
56
48
50
10
30
54
28
23
39
15
4
9
16
33
26
32
35
19
40
34
29
54
50
54
32
15
69
51
24
48
12
25
71
32
21
34
29
35
35
38
39
41
25
19
22
43
22
42
32
28
36
46
34
22
22
59
46
59
56
25
28
53
16
27
65
28
29
28
30
35
44
30
26
29
41
51
38
41
33
28
30
29
57
63
23
22
37
39
52
57
43
8
45
53
49
30
47
20
41
24
31
33
25
22
31
46
33
29
27
19
25
32
41
26
28
12
40
27
41
29
36
29
42
42
30
34
37
8
40
54
29
17
16
20
37
37
27
22
12
18
52
29
39
58
6
18
61
33
42
41
17
11
16
31
45
27
29
4
29
43
37
40
38
13
47
31
42
48
35
4
35
29
44
13
14
12
28
38
18
20
10
10
32
19
2
14
21
15
14
18
3
13
41
9
38
10
40
29
32
14
51
33
41
51
6
8
43
36
34
31
16
12
43
33
29
10
34
5
40
35
43
14
9
30
32
25
25
25
27
18
24
36
32
21
18
10
21
36
61
43
46
50
66
46
52
40
25
18
50
41
22
32
23
15
31
35
0
27
7
16
37
36
14
27
12
8
26
38
8
24
22
15
34
45
19
11
23
15
27
29
7
5
15
18
27
43
50
30
19
18
20
29
39
17
15
17
11
23
27
17
6
6
6
10
19
13
1
12
16
9
14
9
3
13
19
16
12
18
2
31
15
9
23
14
9
38
27
24
10
8
11
8
25
28
33
4
8
11
25
24
11
32
13
29
25
6
16
20
30
8
11
28
25
17
13
15
17
17
4
25
15
21
6
8
15
13
21
8
12
7
7
16
19
6
11
2
13
21
8
12
79
63
84
88
37
9
74
45
72
70
64
33
59
64
49
42
40
35
53
54
38
44
39
21
73
67
49
29
46
36
72
47
40
30
43
51
57
36
23
42
45
15
41
59
47
38
52
27
86
56
32
33
51
40
47
41
60
33
49
32
11
55
54
43
57
42
16
42
42
41
35
42
48
58
42
45
47
42
42
58
75
34
32
42
29
47
55
72
12
10
47
27
10
49
26
13
62
12
58
24
32
40
41
48
67
27
28
34
16
61
50
21
35
18
65
25
5
24
35
26
51
56
45
35
36
28
20
57
52
33
36
28
12
21
34
30
17
6
11
25
21
38
24
7
49
29
6
35
49
13
44
28
15
30
18
12
40
28
14
47
31
14
39
45
51
28
27
24
41
60
48
38
39
24
28
53
20
31
46
23
35
37
18
12
18
18
31
37
25
7
33
5
37
52
69
58
47
24
42
50
43
53
51
21
29
25
18
60
33
12
43
27
30
58
29
15
56
34
24
34
9
19
16
39
38
19
12
6
30
17
54
25
3
9
37
32
26
14
0
21
26
44
59
48
49
19
31
33
26
46
47
32
37
44
46
24
41
7
15
12
42
31
10
15
36
28
24
28
8
8
26
45
35
9
7
11
31
43
32
6
9
18
60
36
15
8
9
36
53
65
40
49
44
19
24
56
38
25
15
17
23
52
18
9
22
29
31
70
28
18
15
14
37
67
30
23
6
9
45
37
11
8
12
17
38
21
16
17
9
21
20
13
21
16
5
8
15
40
77
69
14
22
19
14
73
34
13
15
5
31
9
21
12
24
34
38
12
23
6
22
50
24
19
5
19
5
37
34
9
8
6
13
18
27
14
3
13
9
29
13
23
12
23
18
45
21
30
10
3
16
61
6
23
8
15
34
16
3
4
16
10
10
22
11
10
14
25
13
19
2
7
11
21
26
13
31
8
12
27
10
9
31
15
12
23
12
12
23
26
8
22
15
81
57
55
63
38
31
76
60
35
24
21
17
51
44
53
30
25
22
44
51
49
52
32
27
31
35
37
40
33
53
46
28
27
22
38
55
51
50
20
25
44
62
45
60
32
31
37
11
31
38
32
31
57
17
47
58
47
57
38
41
48
51
57
73
11
31
33
34
67
50
13
62
36
29
51
28
31
67
56
22
41
32
61
47
52
35
30
28
59
20
24
46
23
56
51
17
31
44
55
13
35
34
50
24
27
12
26
33
42
19
50
50
23
20
45
21
45
58
9
20
25
25
7
14
14
17
23
22
15
3
31
6
29
52
13
33
26
22
36
54
24
42
18
10
37
50
47
46
57
37
37
35
20
41
37
29
56
41
23
31
30
32
37
14
24
10
10
19
44
25
13
6
11
9
45
48
31
40
40
16
23
41
49
50
14
6
22
36
50
34
23
23
52
37
52
68
54
7
33
39
44
57
39
15
17
38
33
35
16
10
13
33
37
39
16
10
3
22
44
58
32
10
16
30
22
22
9
13
36
35
14
3
6
6
42
26
35
16
9
18
28
45
75
54
60
22
27
12
32
58
62
19
20
28
49
39
21
4
47
35
39
10
37
13
45
28
16
17
27
16
23
8
14
12
10
6
29
40
24
33
3
16
32
54
18
27
16
30
25
22
71
43
31
8
42
34
79
43
12
21
52
49
45
43
12
11
28
43
26
27
6
17
44
34
9
3
17
12
44
32
15
10
10
15
36
13
7
12
13
16
18
16
11
17
19
4
31
38
40
17
19
22
53
33
31
5
18
21
34
17
19
9
24
13
28
13
24
16
39
6
34
21
14
8
39
3
28
6
11
23
20
22
14
14
16
8
11
5
6
12
14
19
3
20
44
43
53
40
23
34
36
20
14
28
9
7
44
13
24
19
12
16
18
36
30
15
12
14
22
36
13
6
7
13
11
20
12
8
15
3
5
34
2
10
12
19
14
20
13
19
8
7
190
196
140
165
123
198
138
130
142
161
102
167
165
135
137
138
175
147
157
154
136
123
167
92
126
151
140
145
173
127
153
137
120
185
146
243
185
141
204
240
243
451
338
185
187
183
456
515
195
229
220
240
299
246
202
185
222
256
265
162
203
171
190
192
240
201
197
206
177
179
220
233
145
206
167
182
146
269
266
223
144
186
180
283
376
302
155
143
262
306
483
269
156
148
400
230
280
269
307
219
373
407
289
293
297
310
416
238
316
294
224
282
257
214
303
280
246
365
242
436
185
213
237
271
178
473
209
275
232
141
219
360
249
408
279
152
332
222
287
438
300
203
345
52
215
298
247
254
204
583
451
478
392
296
255
680
527
516
499
422
438
583
291
281
352
280
440
617
208
262
260
142
262
393
163
322
277
157
312
157
134
293
306
304
369
72
154
207
403
546
239
13
187
210
179
291
215
798
354
287
234
251
181
812
599
423
388
325
596
572
354
276
291
326
733
293
187
266
254
240
388
79
164
259
358
397
234
18
148
138
381
519
83
3
178
187
393
372
31
25
217
140
246
165
259
696
254
233
214
156
374
450
546
356
267
390
447
64
593
275
289
602
400
17
325
192
389
512
108
32
234
202
458
337
58
46
186
287
362
63
37
11
236
370
220
42
38
16
239
266
219
194
484
440
204
284
185
329
483
58
416
312
390
520
222
0
661
397
657
427
39
38
375
314
518
91
25
44
213
357
282
48
6
30
255
375
69
65
20
34
430
283
29
24
14
70
268
282
235
405
450
58
355
388
326
482
191
14
667
682
457
216
42
41
842
968
355
51
7
49
861
706
57
6
52
54
643
366
73
37
26
140
401
102
48
31
69
280
275
21
37
53
197
250
280
470
533
422
32
13
332
917
669
123
4
53
702
1004
284
47
44
30
801
486
76
35
18
48
580
88
36
13
20
64
277
29
20
16
22
70
32
64
75
32
35
48
12
48
23
43
56
29
63
60
47
56
56
24
50
65
40
50
47
20
48
53
57
48
35
37
43
39
55
55
24
17
80
52
28
31
23
22
56
53
38
42
76
47
52
43
22
40
64
25
42
47
21
19
29
16
56
54
63
35
20
26
49
33
43
38
20
18
45
69
55
52
45
21
38
75
36
30
41
49
35
27
20
34
53
61
47
53
33
26
50
52
45
11
28
26
21
22
39
14
21
40
21
14
49
32
34
29
38
16
48
26
30
34
40
43
37
18
17
34
21
43
57
41
22
35
32
22
45
50
51
58
46
9
30
52
30
30
48
15
20
38
36
30
32
18
47
38
20
40
17
24
30
50
49
40
38
20
42
46
29
35
32
17
29
31
34
47
30
9
19
28
52
53
56
24
40
44
73
41
36
24
9
30
36
22
13
18
27
34
35
22
19
7
25
43
37
19
7
10
22
30
25
41
47
38
34
28
36
56
43
18
28
21
46
48
18
8
38
47
52
29
11
15
32
41
51
19
9
22
30
22
29
14
11
20
52
21
37
12
9
33
24
18
23
6
6
13
50
50
36
38
48
26
44
49
14
25
22
17
24
34
42
23
0
15
26
33
65
33
18
23
42
45
56
19
16
11
48
44
20
12
35
12
32
41
8
19
8
9
33
27
23
34
29
3
27
16
27
32
31
16
30
12
27
34
22
12
42
24
37
27
13
25
34
33
30
26
7
22
30
31
25
24
35
9
45
23
13
13
40
5
19
12
14
11
6
12
15
12
17
9
17
7
44
8
17
43
16
17
43
39
12
32
24
27
22
28
20
20
12
23
16
7
3
7
17
19
24
19
20
15
13
17
31
16
27
16
20
3
47
5
29
24
16
15
28
14
16
12
0
22
44
24
29
17
11
7
44
17
6
11
19
21
39
3
6
8
11
19
16
6
15
10
6
25
16
17
22
20
9
13
11
18
10
16
11
10
9
9
17
21
17
14
7
1
17
13
21
9
25
25
27
8
30
65
8
22
28
13
24
13
26
26
27
19
34
32
9
9
33
13
8
49
37
27
13
7
25
49
47
37
17
7
41
66
13
21
23
33
49
15
35
39
15
37
39
32
50
39
25
12
35
26
20
16
27
26
9
59
11
26
22
22
46
53
5
19
9
42
55
19
32
26
35
31
41
22
64
31
57
45
32
19
44
21
48
38
11
20
18
7
23
30
40
21
82
52
34
23
24
20
35
47
46
27
6
25
22
36
45
30
2
25
32
56
36
27
46
18
30
35
25
50
55
21
54
37
27
44
26
6
65
67
28
26
20
16
53
53
32
28
11
10
42
39
42
25
17
23
36
15
25
28
12
30
36
36
40
36
10
42
45
49
30
22
14
11
34
38
29
31
25
30
35
38
24
37
21
34
20
28
15
10
17
12
32
29
39
27
14
7
29
45
14
28
64
5
40
48
16
27
42
27
44
43
25
28
9
7
36
51
29
17
27
27
47
44
36
33
14
5
33
45
33
11
16
21
4
40
17
14
21
24
4
38
11
19
13
17
39
29
22
26
16
23
55
42
22
40
37
16
56
33
27
28
57
15
39
33
32
34
31
16
35
46
42
28
13
8
57
46
20
9
11
7
31
49
25
26
14
5
33
47
28
23
17
13
42
23
41
32
23
30
26
20
21
15
30
21
26
5
36
11
9
3
40
37
25
21
23
31
34
43
24
11
5
18
21
55
26
21
22
28
57
42
19
26
25
15
29
15
26
11
10
17
53
33
23
29
38
17
34
32
33
21
25
18
29
21
28
30
14
14
5
13
11
21
10
4
9
23
20
28
16
11
24
21
11
8
22
3
26
8
20
11
22
17
10
13
8
18
28
10
10
58
28
13
6
14
14
16
26
16
10
12
14
20
35
26
20
12
3
19
17
12
3
2
24
6
13
5
6
3
30
15
6
28
17
8
12
30
24
18
35
17
18
26
19
12
27
4
58
28
29
46
24
35
46
65
32
33
41
36
60
56
48
31
51
46
52
44
52
33
46
40
42
51
27
23
19
42
23
21
22
23
20
28
28
28
32
30
61
26
34
43
46
48
34
38
37
4
30
33
21
34
69
45
45
32
30
44
50
42
29
20
43
55
11
31
24
16
26
45
48
67
54
31
32
28
69
74
53
39
49
39
58
61
13
34
38
23
45
52
29
23
33
19
49
23
40
47
27
21
29
28
47
39
9
25
36
31
35
32
33
49
48
35
23
26
40
41
47
37
28
42
17
14
62
33
24
47
25
18
70
50
32
55
44
16
42
49
58
70
37
9
58
81
53
45
43
6
21
47
50
39
55
28
13
25
17
23
44
24
30
32
31
13
26
12
40
28
30
27
31
14
43
23
26
29
41
14
41
31
47
44
29
17
33
53
36
33
37
24
39
82
49
53
58
40
15
28
42
28
63
17
14
12
35
8
26
24
10
10
49
30
16
15
37
11
30
46
27
4
37
25
26
32
24
13
32
31
25
18
6
6
24
29
31
24
5
15
71
63
61
61
58
2
34
43
17
37
32
27
16
36
28
43
21
28
28
26
52
35
13
21
46
38
28
43
16
18
28
47
28
19
18
12
26
29
28
18
10
18
56
56
10
24
23
19
45
35
37
68
37
19
41
61
38
54
13
27
19
48
41
20
32
10
18
20
22
11
22
26
24
41
12
8
4
29
40
35
11
30
10
8
60
35
15
21
12
9
26
17
11
16
9
11
47
42
60
34
18
22
42
22
42
29
5
38
21
23
10
14
8
16
14
16
9
28
14
14
27
6
21
13
24
16
27
19
6
23
12
8
34
17
10
6
16
18
31
12
10
16
18
10
44
56
61
22
42
15
55
25
18
13
14
20
26
28
17
10
15
5
8
14
14
12
8
25
12
8
12
14
21
21
28
22
17
27
25
8
18
29
29
8
7
13
4
14
18
13
4
21
81
48
42
48
41
24
52
63
82
59
53
33
46
52
71
65
45
30
44
28
56
50
25
31
19
53
57
42
26
65
77
66
34
33
34
46
78
61
23
32
48
26
55
63
36
18
39
15
43
24
33
40
40
22
53
37
68
31
31
39
47
55
69
45
16
30
54
56
46
44
35
44
46
63
62
69
24
26
56
76
42
36
52
53
49
53
52
23
28
46
34
62
55
18
26
15
45
55
45
19
44
29
36
39
44
21
12
33
38
48
35
42
39
30
48
43
17
10
12
9
44
32
25
30
29
33
34
30
47
39
50
66
51
41
40
28
25
26
47
49
43
40
19
21
51
51
26
30
60
36
33
37
31
32
42
23
16
21
24
10
11
20
18
41
37
33
43
16
43
66
43
47
41
11
51
53
42
28
19
6
25
11
26
42
18
13
35
49
34
20
8
24
50
67
53
53
66
31
21
58
61
53
54
19
33
24
52
62
27
14
23
21
32
46
18
12
19
26
35
39
27
7
20
50
47
51
24
18
24
49
31
27
13
29
35
30
34
7
27
12
59
54
62
51
35
33
34
47
57
46
25
15
45
30
42
25
13
11
35
34
30
8
11
27
9
12
46
13
5
30
20
35
50
24
14
13
33
66
40
30
29
8
66
54
12
7
15
15
37
14
37
59
34
17
50
19
53
41
24
13
61
40
33
43
9
16
19
42
32
30
17
22
18
26
48
15
8
29
21
17
17
20
4
32
19
21
22
16
23
15
7
16
10
10
3
14
62
55
73
39
18
20
43
73
77
14
18
6
34
61
22
12
14
15
19
21
17
19
8
17
21
12
12
29
10
11
12
9
24
34
6
8
32
7
15
13
5
16
31
14
8
26
18
10
47
29
39
31
28
12
38
13
31
7
14
33
16
25
8
17
3
27
5
26
7
26
9
23
10
8
15
24
16
18
39
8
31
30
19
16
23
15
38
13
20
20
11
8
9
16
5
25
44
57
37
17
18
20
57
66
61
56
63
36
63
78
67
79
74
32
61
63
22
52
54
31
49
42
49
40
18
30
23
12
45
48
16
26
0
22
41
27
25
52
38
38
60
19
11
29
4
31
6
46
15
4
32
43
25
44
43
33
44
68
36
53
65
55
35
56
34
37
41
33
59
68
51
36
40
64
55
54
49
40
39
43
31
38
41
38
36
24
39
51
30
31
29
35
46
58
54
40
26
40
33
22
51
36
11
50
23
48
58
39
36
58
42
56
40
23
34
50
56
32
28
9
47
31
33
20
46
43
54
30
43
32
51
44
34
24
34
63
25
39
39
8
65
56
39
63
48
44
50
54
29
41
28
20
37
19
20
25
19
27
43
37
37
48
15
15
54
52
48
53
24
13
47
30
33
53
27
19
50
25
40
57
48
19
28
29
30
32
14
17
50
41
28
39
56
28
44
35
22
37
42
19
33
28
38
56
34
29
27
36
62
56
22
18
57
47
60
56
18
7
55
36
25
31
6
4
24
29
43
23
1
11
29
21
44
20
8
2
34
39
16
17
28
34
53
50
33
31
24
29
43
45
51
29
20
8
29
17
21
15
7
14
15
38
53
18
17
12
19
45
39
3
9
12
37
49
30
15
1
13
55
54
21
25
6
21
58
69
32
38
53
36
44
33
25
44
30
17
14
29
23
35
20
31
32
39
23
9
22
56
38
30
6
22
24
23
40
39
14
15
12
14
47
56
12
27
30
40
46
26
3
7
26
46
37
38
42
32
14
8
8
39
62
28
10
23
6
33
36
22
13
31
6
44
13
12
11
11
20
17
19
15
12
2
38
21
8
34
20
8
41
25
19
32
17
19
29
14
5
16
2
13
45
34
35
26
4
7
24
20
12
9
17
24
20
14
33
19
12
28
26
6
30
23
22
16
5
4
24
2
15
20
16
6
8
11
9
21
31
7
12
9
8
23
17
10
14
17
12
23
14
7
18
3
15
22
30
11
26
25
23
13
38
7
45
33
26
17
19
15
31
26
15
25
23
16
26
15
15
19
24
7
29
12
12
36
12
26
33
20
11
34
47
40
21
47
30
23
35
47
33
28
22
14
37
44
8
28
34
13
44
32
12
28
9
17
43
35
36
42
56
42
23
16
48
37
61
56
34
5
44
38
29
22
25
33
55
52
18
17
27
20
48
36
21
8
34
34
34
55
37
22
25
17
12
31
14
28
26
36
34
53
30
57
19
54
45
57
28
43
49
55
14
39
44
16
41
56
37
40
57
26
24
10
26
33
40
15
15
2
26
50
43
16
45
33
23
35
10
3
19
14
21
26
7
24
16
22
14
36
24
25
41
63
20
37
50
14
60
52
30
48
35
20
44
28
30
55
23
20
22
19
35
43
18
2
39
34
48
23
19
7
57
66
40
38
30
9
18
35
30
32
32
13
39
24
16
29
41
26
59
52
19
28
31
25
51
52
10
19
27
12
57
47
23
33
34
15
43
31
49
14
20
6
40
41
49
14
29
12
23
28
40
25
44
16
38
20
9
15
38
22
33
33
34
4
10
9
10
47
53
26
4
7
39
51
54
18
14
45
53
33
45
21
9
34
47
19
21
5
4
19
76
32
20
21
17
14
26
27
32
48
28
16
36
37
40
55
26
24
32
45
5
23
21
13
22
36
15
21
9
7
14
47
27
14
17
19
28
54
19
29
29
8
58
47
9
7
20
20
45
29
7
15
19
16
18
22
64
35
6
12
19
54
30
5
26
15
25
28
20
10
13
9
14
14
4
9
27
6
26
19
19
14
23
12
47
41
19
14
20
17
31
25
10
18
32
17
9
3
8
23
19
18
52
64
21
16
17
11
38
26
7
20
17
6
14
19
22
28
5
12
26
12
8
9
8
3
5
12
28
24
19
12
17
9
29
10
25
27
16
6
19
12
4
4
14
18
4
17
16
23
18
37
4
3
35
43
31
33
13
14
21
53
37
32
22
8
29
47
8
25
30
29
36
26
4
11
35
33
19
48
24
12
39
15
7
64
23
15
40
17
22
37
6
19
53
24
13
5
37
46
48
42
51
20
22
19
34
43
27
26
46
10
14
60
15
26
37
38
42
42
17
4
24
37
43
22
32
26
41
13
13
27
41
23
67
36
2
33
41
15
50
37
33
36
38
18
34
29
16
7
27
16
34
46
33
29
28
21
35
47
55
22
19
31
38
39
39
20
29
25
18
38
22
24
26
27
17
26
46
42
20
13
45
26
48
48
34
10
34
31
25
39
24
21
40
24
49
38
21
11
45
55
51
68
23
26
44
42
40
48
40
30
32
26
2
16
27
3
25
22
29
22
32
19
33
23
30
37
20
31
43
29
33
46
26
15
33
16
40
15
12
17
57
27
24
12
31
34
41
30
51
22
16
18
36
44
23
42
3
16
37
30
36
24
15
6
30
40
59
30
30
2
22
29
40
26
17
13
33
22
28
13
15
16
37
43
22
13
22
14
17
46
26
25
63
15
25
50
34
33
59
10
35
47
41
39
18
20
19
57
38
19
6
19
33
42
23
4
16
16
45
25
29
12
13
12
49
45
20
5
19
17
42
26
12
8
29
26
43
54
20
17
14
23
75
58
40
34
17
20
37
46
40
24
20
15
3
55
32
29
23
25
32
65
20
38
26
22
62
64
22
7
10
9
47
41
19
5
36
6
22
22
14
12
30
11
21
59
72
15
11
16
16
37
30
15
1
14
19
16
18
3
25
12
34
19
16
14
12
6
18
16
12
14
7
18
14
10
4
30
31
6
14
14
11
18
6
17
5
27
8
0
21
25
20
25
43
10
5
0
29
15
16
10
6
9
23
6
9
24
15
4
32
20
11
20
34
28
27
18
6
11
13
34
28
4
26
8
8
12
20
23
4
4
19
3
12
13
22
14
31
4
42
50
73
73
17
44
21
9
55
39
21
25
29
34
51
12
13
33
19
26
38
39
5
47
32
0
26
27
24
56
46
29
23
32
49
41
31
12
38
40
50
28
24
55
51
54
51
22
66
51
26
13
60
47
52
57
28
21
39
31
27
28
49
46
28
22
14
29
41
47
49
17
31
4
15
19
37
27
44
25
14
12
20
45
51
72
34
19
49
37
45
63
32
20
35
30
34
40
27
23
22
16
29
31
33
24
23
37
45
19
33
21
23
26
49
10
32
21
24
19
40
38
19
7
24
28
32
55
30
18
20
22
27
39
54
30
22
18
37
52
65
25
23
8
51
52
40
19
39
45
56
49
17
30
42
28
58
28
19
39
30
33
36
24
28
40
30
25
29
29
31
38
48
13
40
27
57
39
22
1
21
43
53
29
12
16
20
67
47
17
17
8
9
36
40
32
39
20
12
31
56
31
20
17
33
22
48
41
17
9
42
23
25
41
17
26
40
22
16
14
32
6
29
26
42
19
1
20
27
31
46
17
22
18
28
47
33
15
20
11
49
17
27
34
43
36
20
12
52
64
21
12
31
48
30
51
19
9
19
47
16
9
19
41
6
33
25
21
13
44
30
26
25
7
8
22
41
26
18
16
12
15
50
40
9
13
16
15
48
36
49
61
47
15
30
30
47
50
32
5
26
25
33
22
17
8
27
12
14
9
41
25
25
7
19
2
12
17
24
11
30
13
10
11
37
21
15
14
22
15
34
28
16
3
31
17
28
53
28
14
14
13
26
61
46
11
28
19
18
42
35
6
15
15
29
19
23
25
20
9
38
26
25
11
17
12
15
20
15
15
17
4
41
14
17
9
14
8
22
10
8
11
17
9
19
48
40
14
23
21
29
33
21
24
20
18
18
15
10
26
41
32
9
10
35
18
18
26
16
9
18
17
8
34
7
12
8
6
18
14
16
22
14
24
22
23
13
12
16
36
21
23
23
23
19
3
28
13
28
39
21
41
44
36
28
48
55
57
47
44
16
36
52
42
49
32
13
14
41
34
37
37
10
19
52
19
30
38
30
35
30
21
18
23
47
33
4
4
36
21
27
56
48
28
29
35
31
51
26
33
55
32
17
30
13
43
55
35
19
27
22
32
32
23
28
23
23
17
24
40
48
14
33
26
32
28
38
24
37
50
32
19
36
33
24
45
34
23
54
49
12
13
25
8
13
35
25
45
44
38
32
47
51
45
30
54
52
50
65
46
28
33
53
30
48
51
56
50
50
22
20
34
47
35
34
28
30
42
32
27
43
30
35
38
22
14
28
22
26
32
57
30
13
22
32
37
37
33
4
10
20
15
36
24
30
32
20
9
42
23
71
30
24
23
39
26
50
17
21
52
40
19
18
24
27
54
20
4
23
25
28
30
12
8
36
49
16
34
53
13
30
62
30
31
44
11
16
27
30
35
19
21
29
47
9
40
11
28
43
50
26
13
8
14
50
27
43
16
8
11
38
45
31
5
12
5
19
41
20
21
17
26
44
9
8
52
62
2
40
30
27
19
17
19
35
14
32
25
28
14
9
21
42
37
5
8
47
28
41
27
19
2
56
29
18
14
10
18
31
28
23
16
24
29
64
14
22
15
21
39
35
30
20
43
29
10
41
38
25
22
30
16
53
66
51
14
12
27
35
68
34
39
26
27
53
35
5
12
21
16
45
21
11
25
11
10
43
21
14
14
18
19
39
21
16
9
31
27
51
45
41
54
9
19
46
55
34
27
20
6
36
21
10
6
13
19
22
7
15
21
18
10
25
9
7
15
5
13
47
16
7
15
11
11
46
20
8
12
5
10
6
4
1
7
6
17
30
30
16
18
5
7
36
16
20
9
11
4
43
7
25
5
1
15
13
19
21
35
13
8
10
9
35
46
15
4
19
2
13
20
17
5
26
15
9
15
8
9
9
11
17
21
6
11
38
27
31
18
30
26
24
26
7
19
11
19
51
25
6
29
15
25
59
41
14
14
31
25
36
44
48
10
15
23
25
47
59
21
57
25
34
60
71
29
46
42
23
47
93
41
37
29
44
27
41
13
32
52
36
14
34
26
28
72
34
16
31
57
25
46
41
20
37
61
40
43
52
16
44
34
28
37
54
28
63
38
36
49
44
39
43
40
36
46
24
37
25
21
1
16
35
40
13
43
22
18
62
45
17
31
13
25
58
38
32
35
25
52
8
31
44
28
36
44
2
28
61
26
46
60
38
31
35
34
45
44
53
42
39
30
66
15
36
25
30
47
40
11
60
47
28
28
70
48
20
25
33
25
28
55
19
25
47
26
18
17
30
33
25
33
21
16
46
24
25
42
48
22
74
28
15
7
54
10
65
22
30
44
24
5
31
49
54
23
17
18
62
65
82
22
38
18
29
75
57
37
63
7
41
50
19
58
31
15
64
37
28
34
20
12
75
48
17
40
20
22
65
28
40
31
6
23
75
29
43
15
3
9
40
44
13
16
19
23
46
51
67
59
57
19
32
52
66
66
57
3
6
36
29
50
14
21
16
31
28
38
22
8
35
39
29
13
19
18
59
53
44
9
7
15
73
64
23
35
23
12
59
27
27
21
25
2
22
49
73
63
69
29
32
39
50
55
33
4
30
34
54
25
29
16
39
50
45
21
7
25
43
70
19
32
19
16
45
61
22
25
22
11
34
31
31
30
5
34
28
20
7
8
10
25
59
28
62
35
30
11
66
25
38
14
19
21
35
17
9
4
20
9
14
13
11
10
11
2
14
28
15
7
22
14
42
9
12
14
21
28
55
9
11
9
7
19
9
24
22
33
28
20
29
16
31
45
24
5
49
8
21
10
16
19
24
13
20
25
9
23
22
8
5
17
16
10
20
19
4
9
21
11
32
22
24
16
4
20
14
5
19
10
14
9
11
7
7
14
11
8
183
171
153
178
121
206
149
131
166
156
121
179
158
130
153
145
163
161
142
141
154
153
134
105
138
131
153
145
151
139
177
127
134
213
153
209
204
143
190
237
265
457
336
159
181
175
436
542
218
222
218
258
287
241
212
198
202
217
269
170
224
196
165
164
231
200
204
188
170
201
233
203
147
180
177
190
175
234
262
227
178
166
164
294
377
306
188
120
255
314
481
255
178
131
402
238
292
296
297
216
392
438
281
292
308
297
403
254
303
313
260
276
254
245
281
296
288
368
251
433
180
197
211
270
192
434
226
298
239
141
229
336
250
436
311
149
326
211
298
443
307
201
315
62
247
286
228
225
193
583
438
460
359
287
302
637
514
459
447
446
439
558
267
258
343
313
393
639
213
230
223
175
264
404
175
297
243
175
329
213
163
270
308
306
360
97
179
185
378
536
255
32
188
197
161
268
210
785
376
298
238
261
201
786
579
408
407
301
613
579
345
284
280
257
735
348
166
271
270
224
378
97
177
251
359
425
238
18
217
188
379
559
85
15
201
224
438
398
16
5
199
162
227
173
230
690
240
238
237
165
354
452
550
326
306
423
483
104
593
274
284
581
427
18
296
192
381
484
110
36
224
191
470
337
37
31
172
263
363
59
33
27
199
325
232
26
20
9
221
248
226
160
453
485
233
246
201
313
431
79
424
280
368
541
210
34
633
331
644
442
31
23
360
298
485
97
27
44
195
362
275
45
15
17
255
375
98
36
29
20
441
300
52
20
24
31
241
290
248
455
481
54
350
348
319
496
213
21
640
653
463
252
49
38
777
979
377
26
3
80
772
750
121
7
44
5
567
413
40
34
39
146
380
129
23
29
48
267
302
16
51
49
191
218
314
500
532
458
42
10
365
943
668
125
5
50
705
992
243
63
48
41
793
499
91
44
27
46
588
83
43
13
23
69
295
64
12
14
38
70
62
47
63
17
48
64
21
33
24
59
40
39
49
40
42
31
38
24
41
28
43
43
53
34
62
39
33
60
27
29
84
66
28
40
32
32
50
62
52
39
27
29
44
52
71
40
7
28
48
59
48
31
34
30
48
38
5
22
44
18
39
43
44
49
30
44
51
61
51
75
39
42
16
45
63
48
36
38
27
55
36
22
14
40
38
80
32
43
24
27
21
50
56
62
26
29
23
30
53
37
26
41
24
41
57
25
41
18
47
42
70
42
29
24
32
43
19
19
24
46
46
62
35
50
21
45
47
29
39
34
18
28
17
37
54
33
7
47
35
12
77
55
40
40
20
9
38
38
64
20
10
44
37
55
39
13
57
54
30
49
46
19
32
52
39
38
21
18
38
17
20
23
25
19
56
37
32
32
30
8
55
40
47
25
31
24
36
23
33
39
27
14
60
40
27
34
22
20
64
38
17
18
4
11
69
51
9
34
50
33
25
33
30
25
43
29
11
29
48
26
22
26
36
35
21
49
23
19
54
28
17
44
20
18
40
14
32
24
13
15
36
20
39
24
28
18
33
34
22
37
28
20
6
68
45
41
50
29
22
85
36
23
46
4
30
38
23
26
33
27
27
36
51
41
9
32
25
50
48
26
1
8
30
24
17
21
15
10
40
52
18
37
15
23
46
50
20
20
13
6
29
31
30
57
50
10
32
31
42
26
11
2
46
34
37
16
9
7
39
64
7
8
21
12
28
72
18
11
11
11
26
46
27
18
23
9
23
17
20
17
24
23
4
1
5
12
6
29
40
43
37
25
19
8
47
56
36
27
14
23
34
36
13
19
3
15
30
10
5
13
17
10
15
24
7
4
21
15
21
19
15
4
12
30
23
8
2
9
21
24
9
17
18
27
20
10
48
48
29
38
4
8
39
13
10
20
16
22
41
8
7
14
9
18
16
9
18
9
5
9
18
18
17
31
27
6
9
34
43
33
10
16
14
21
33
16
20
19
22
4
25
28
18
27
34
29
19
25
34
55
16
12
29
12
25
31
26
19
26
7
18
22
35
34
4
14
27
12
30
24
32
18
15
4
26
34
58
31
13
14
28
39
32
34
21
7
31
33
34
34
24
12
68
35
42
24
58
48
51
34
47
35
51
43
40
11
28
29
43
67
20
17
32
14
41
70
24
5
50
21
23
55
33
45
35
26
24
39
54
29
38
51
25
23
41
39
59
70
28
4
53
44
45
35
11
43
42
50
46
10
28
59
36
38
45
23
30
12
48
30
27
36
46
48
50
31
42
40
50
41
35
22
42
39
19
19
48
24
31
45
37
12
55
25
39
39
27
9
48
50
26
19
37
45
33
21
44
25
46
14
21
21
19
23
36
33
26
16
30
26
21
17
45
14
23
39
32
16
67
38
11
28
50
24
55
48
13
38
41
38
42
11
29
37
30
24
42
45
24
12
32
16
59
52
24
35
32
23
46
32
45
34
43
9
38
38
52
32
28
19
50
35
18
39
19
7
59
17
26
26
33
17
39
30
30
32
23
17
53
42
23
31
16
13
10
20
23
31
42
10
5
14
36
42
37
13
21
31
62
37
26
6
46
52
47
22
10
20
48
29
49
19
22
26
53
53
63
8
25
21
57
55
28
7
8
23
49
40
9
3
17
24
33
13
58
40
41
30
16
37
53
37
34
10
42
43
19
34
6
7
44
28
21
8
3
2
45
33
23
14
13
3
38
32
16
20
9
3
24
39
14
25
20
18
31
16
26
22
3
14
24
52
36
11
43
9
42
53
33
20
11
14
28
49
23
33
20
33
10
21
4
25
20
28
12
14
26
23
9
8
33
18
5
10
7
3
38
4
16
7
3
14
13
7
10
7
5
5
10
13
34
10
2
9
8
21
39
2
10
12
21
10
29
8
10
4
36
10
14
16
20
8
30
7
16
31
24
13
5
14
3
3
8
13
11
6
24
31
17
6
9
14
9
25
13
14
47
26
34
26
17
19
34
38
40
8
12
1
24
29
14
16
10
13
31
53
46
9
27
25
10
18
39
24
15
28
33
40
40
43
25
43
48
56
52
39
54
25
27
21
15
51
45
15
26
54
49
14
27
49
25
38
32
10
24
51
17
36
24
2
15
47
24
29
59
6
35
45
42
24
50
16
10
36
56
36
30
16
8
45
31
41
39
27
25
25
24
31
39
30
16
12
26
50
53
31
36
35
37
31
26
25
19
17
46
21
26
38
27
18
39
28
46
56
45
16
62
7
28
41
49
43
54
17
32
28
37
18
36
31
47
36
44
21
47
36
44
37
44
11
47
62
45
22
38
38
54
32
17
42
31
31
37
27
13
55
28
35
37
37
22
45
45
29
53
29
22
31
49
22
43
29
30
20
35
4
12
18
45
36
24
19
17
6
26
42
11
28
25
23
47
39
26
6
34
33
39
33
23
6
25
38
40
30
21
25
47
37
24
41
3
35
72
39
28
56
33
5
54
37
46
32
32
14
18
35
43
13
6
6
20
17
33
20
28
11
40
15
21
19
23
18
32
30
46
26
45
36
30
45
42
29
33
16
44
27
20
33
25
25
51
26
33
23
11
18
34
55
44
9
19
21
24
53
18
12
14
9
38
22
11
22
15
10
26
46
62
52
43
26
24
23
45
41
27
7
47
30
43
23
22
7
28
30
16
9
17
8
45
32
8
28
11
10
47
49
12
30
7
2
16
17
21
22
8
8
11
7
14
10
18
10
33
58
56
39
15
29
20
30
40
23
6
23
8
33
32
2
16
16
0
19
16
22
16
25
27
8
13
36
11
30
54
12
12
26
1
6
14
5
3
12
11
12
18
32
11
26
10
20
39
51
60
17
27
1
33
29
46
11
12
14
20
12
13
16
8
15
12
8
8
25
10
12
22
26
30
24
29
25
13
31
11
9
18
27
21
31
22
6
32
11
22
39
27
2
31
26
29
21
42
27
29
52
2
41
29
14
17
60
43
44
34
14
13
36
57
36
37
29
31
26
38
34
35
19
50
43
30
57
40
18
49
30
15
71
60
22
23
36
24
52
37
24
24
10
46
33
64
36
42
42
38
37
45
44
26
49
47
40
31
38
19
31
27
65
37
41
28
27
25
31
48
65
41
51
40
36
86
45
23
66
40
40
66
42
32
40
52
14
24
50
50
17
41
40
61
48
13
21
28
18
29
67
16
21
30
16
19
43
3
23
34
38
42
26
28
17
31
43
54
46
47
36
26
39
56
39
37
48
26
33
36
42
57
43
37
38
42
45
28
19
65
39
12
39
35
40
55
31
44
45
27
22
51
47
37
48
14
16
61
60
50
47
50
20
55
45
49
27
56
4
55
36
42
23
37
14
51
17
42
33
15
20
44
39
45
25
23
3
62
65
37
52
52
22
62
37
18
44
45
10
32
51
12
34
38
9
48
50
19
36
43
23
70
42
34
41
17
24
55
33
46
32
8
7
35
28
50
28
11
14
25
42
49
11
12
15
28
56
27
25
34
12
47
50
29
39
39
7
47
60
40
40
22
12
14
47
45
21
15
8
45
37
38
16
15
18
41
52
14
27
34
19
51
64
22
21
21
19
58
57
28
27
10
20
34
60
73
57
60
10
29
32
61
59
47
24
18
26
39
14
12
15
32
37
20
0
13
17
7
38
31
24
20
8
46
44
50
30
11
15
75
51
15
8
11
7
34
14
39
9
16
2
58
38
60
51
22
17
59
26
36
43
14
14
34
16
22
9
17
1
7
23
36
13
5
14
4
8
12
18
7
21
23
17
1
5
23
16
32
5
19
19
22
18
12
1
19
27
14
9
63
44
45
20
16
36
55
37
24
27
8
37
25
13
5
25
9
27
16
26
10
22
28
21
25
38
15
14
7
22
6
8
25
7
23
10
14
14
25
23
21
9
6
14
5
12
17
25
27
26
36
8
20
17
29
29
19
21
18
27
32
6
6
6
6
26
9
7
2
34
39
56
18
27
25
26
58
55
21
34
26
25
34
25
18
15
24
52
22
6
31
18
20
38
25
17
30
7
40
43
36
17
16
17
35
35
14
45
31
27
17
22
15
51
42
26
8
43
42
32
43
30
12
48
48
23
50
38
3
11
28
26
60
33
5
23
28
40
31
36
13
28
26
15
34
38
44
35
26
4
33
31
37
32
31
34
11
49
39
12
23
26
6
49
47
29
25
42
12
32
46
45
41
43
31
30
50
24
21
36
25
43
39
27
5
11
33
35
17
47
18
21
31
33
31
47
16
9
11
37
28
37
38
19
27
20
9
26
35
21
30
6
25
18
17
12
29
14
39
35
38
12
22
15
30
44
42
15
18
15
35
34
23
17
26
28
39
31
6
17
20
34
58
55
16
12
36
35
30
28
24
32
43
28
23
32
17
6
51
26
38
51
10
15
59
25
23
28
11
19
39
25
10
11
18
13
5
22
27
13
48
26
34
10
33
14
15
16
43
44
43
10
33
16
56
64
46
1
45
11
32
52
32
3
24
28
5
35
27
5
5
39
30
41
48
21
0
12
55
50
49
3
4
8
36
42
22
30
10
13
38
20
10
32
17
3
56
30
17
21
18
13
44
57
52
32
5
14
24
40
53
10
13
13
13
52
9
15
14
18
16
61
14
7
15
4
15
37
11
12
27
12
23
38
3
15
34
23
37
52
22
5
19
15
17
29
61
29
17
11
4
32
43
9
5
14
13
3
22
7
12
38
25
9
10
16
17
8
24
22
22
15
7
26
14
20
4
19
8
18
26
18
19
10
14
15
35
19
29
15
14
29
33
63
28
22
26
9
15
35
21
22
23
6
25
18
42
20
10
4
31
11
36
20
23
13
5
23
37
40
9
12
9
9
27
22
12
11
17
15
16
10
21
21
20
32
15
8
29
15
90
83
84
88
74
38
77
70
73
81
69
47
60
77
71
60
67
66
40
66
74
44
34
47
36
41
54
69
47
55
50
39
40
86
67
54
42
18
26
53
44
32
45
38
16
51
40
26
68
43
46
55
26
66
57
20
30
60
51
25
47
47
42
39
32
30
36
51
67
32
30
54
22
12
35
20
27
51
38
33
35
8
42
64
70
63
52
16
52
47
38
60
50
32
28
15
32
48
29
17
39
24
10
36
31
17
22
32
36
48
49
19
24
23
60
55
50
38
28
23
41
44
28
40
32
18
20
37
46
34
23
4
33
22
55
47
34
28
42
22
23
52
40
13
39
54
45
28
54
16
40
44
32
13
35
19
37
33
26
35
26
27
57
54
50
39
54
17
47
34
32
19
30
13
18
28
23
27
13
23
29
37
43
46
11
7
38
41
42
13
16
0
36
40
39
38
63
33
41
43
50
45
67
37
35
34
45
55
28
21
29
27
39
46
44
23
32
53
51
37
35
7
8
30
38
30
13
10
20
48
62
22
10
17
7
46
48
7
34
20
50
31
33
67
72
32
37
9
49
71
54
30
30
9
32
43
37
15
66
23
12
34
18
4
48
44
54
18
24
20
14
51
42
23
12
20
38
55
50
18
9
20
23
63
45
15
31
23
42
40
28
26
33
17
38
21
33
18
15
26
21
27
50
16
24
11
4
49
20
22
22
7
28
55
30
10
14
17
40
46
21
6
15
30
22
39
4
7
21
13
38
13
20
24
16
0
40
31
32
6
13
22
50
43
45
6
18
7
7
41
53
16
18
3
15
17
19
11
17
13
19
4
11
29
16
14
15
6
15
20
4
17
34
5
17
4
22
8
31
11
14
9
12
15
35
14
28
7
5
5
30
22
29
23
2
10
20
14
18
13
6
13
25
8
8
11
5
7
17
10
20
17
9
19
27
34
19
30
9
38
41
18
6
22
9
9
26
14
14
5
10
4
50
36
30
23
33
28
75
40
56
32
14
17
51
28
3
30
22
21
54
37
29
43
25
20
48
26
26
36
29
34
39
53
58
19
42
43
39
49
46
17
52
10
21
48
42
38
29
42
65
14
18
45
53
35
48
23
20
40
31
15
53
19
38
45
32
47
35
20
41
44
41
39
23
39
49
15
30
46
37
50
63
31
41
48
38
41
52
36
45
39
30
44
20
39
33
8
48
29
30
61
51
11
47
48
51
67
26
22
31
42
73
51
36
32
19
5
38
41
43
47
43
12
52
52
39
56
34
21
56
31
43
48
30
33
34
53
28
22
46
58
43
51
18
16
67
75
46
21
40
13
30
50
39
8
20
38
13
33
35
21
33
25
36
41
33
34
24
23
42
23
14
39
62
46
25
17
24
37
43
33
41
34
51
47
21
13
43
45
49
37
8
24
83
83
72
34
56
31
31
55
60
44
40
18
5
39
45
46
16
23
30
9
27
39
6
10
39
28
25
48
31
8
73
29
26
26
18
4
66
37
26
33
6
9
25
59
41
12
15
13
72
62
50
27
27
48
30
33
42
35
34
35
23
38
27
13
24
18
32
33
40
37
13
12
38
26
45
18
13
14
36
38
3
31
9
8
30
40
20
22
5
0
39
47
15
4
17
19
38
50
64
53
29
6
21
38
45
40
30
19
18
40
29
12
15
20
12
50
42
12
5
11
37
51
29
33
2
2
72
50
19
21
8
18
50
29
13
19
14
20
8
8
15
20
19
25
59
37
20
44
6
9
29
22
28
30
18
11
18
17
10
5
22
14
17
15
26
16
5
17
16
10
15
20
12
31
32
25
11
6
25
28
15
27
14
6
22
10
7
13
12
13
14
8
51
41
59
17
18
9
54
14
44
12
19
10
24
20
46
6
8
26
18
15
7
14
10
27
25
3
29
12
8
3
29
11
27
11
5
15
4
11
16
15
13
24
18
14
17
5
12
4
42
65
70
74
70
43
23
38
57
69
63
29
38
52
35
32
16
29
39
53
15
22
36
27
37
27
31
34
22
43
38
29
47
47
34
77
28
7
35
69
54
64
45
11
30
59
39
40
32
40
65
51
30
23
50
42
62
22
26
33
38
53
51
39
34
22
15
43
36
41
28
17
6
39
37
20
41
34
29
27
8
30
48
27
42
53
28
5
37
25
22
47
46
11
11
30
31
38
38
45
43
30
47
58
51
24
53
55
59
41
49
29
58
45
13
41
9
26
32
30
4
38
34
31
36
14
19
41
50
45
60
42
27
26
41
31
36
13
20
8
45
30
9
27
41
41
41
22
52
18
45
36
33
34
32
36
44
26
37
53
17
17
18
26
46
80
44
2
20
35
15
36
53
21
17
52
44
31
34
20
18
42
38
20
5
20
24
50
37
12
8
2
34
15
41
52
40
40
38
18
29
23
29
35
27
35
20
29
3
8
30
21
36
37
9
6
31
28
45
25
7
12
25
33
36
17
9
12
21
24
44
28
18
18
37
35
10
14
9
26
34
21
42
56
33
19
31
26
23
46
31
30
41
37
27
42
12
11
40
25
33
30
20
19
36
10
26
24
9
12
33
32
32
22
9
7
21
34
17
17
18
13
38
19
22
15
31
18
34
55
38
38
22
20
43
37
53
45
13
21
52
24
30
30
1
11
19
23
19
29
17
35
29
37
16
32
14
15
12
35
15
29
16
14
27
3
12
23
10
13
29
18
4
17
17
21
33
37
39
35
31
25
40
35
40
14
24
40
7
10
25
15
24
17
3
13
5
22
12
9
16
21
12
12
31
5
38
12
10
4
42
6
17
10
12
3
16
1
29
1
15
2
20
9
44
16
27
9
42
15
35
12
11
26
21
7
45
20
21
26
13
17
22
20
32
19
23
19
10
27
16
12
21
7
13
29
8
14
35
30
25
25
10
7
20
21
19
20
20
7
5
7
79
66
69
61
45
86
75
92
67
69
53
66
74
64
64
31
54
62
114
94
65
33
15
49
99
114
71
43
26
58
76
86
49
24
14
72
56
41
50
38
30
47
28
48
50
38
36
12
53
61
60
32
25
47
59
38
49
37
26
34
80
52
52
51
25
28
68
52
38
39
35
21
54
49
60
38
28
35
47
40
59
25
30
51
15
29
53
20
44
42
37
44
54
30
31
23
33
19
31
40
14
30
28
19
25
48
30
24
31
39
31
36
47
5
42
50
25
28
29
15
35
50
37
35
19
7
23
18
26
32
47
45
23
34
41
43
39
47
28
29
44
42
8
4
55
10
19
21
51
41
51
49
43
39
20
35
29
38
59
39
21
17
27
15
17
24
28
33
18
28
38
24
33
26
37
43
49
29
37
19
55
63
41
43
29
17
37
38
37
30
9
12
51
55
47
44
51
14
50
48
44
33
53
22
31
39
22
41
38
34
21
20
24
31
7
13
37
34
26
16
12
8
33
53
26
23
28
2
34
53
38
29
34
16
31
44
30
12
9
36
41
61
74
36
30
17
40
46
37
49
44
9
38
80
37
43
46
21
44
63
46
19
15
17
59
39
35
17
15
20
22
45
45
25
9
19
35
19
45
5
9
21
43
9
13
21
14
7
18
32
64
58
25
15
46
38
31
29
6
19
64
45
33
7
18
20
14
22
38
11
12
24
14
18
18
15
11
18
37
30
5
6
3
19
38
24
18
13
25
20
15
12
18
26
7
12
63
57
43
26
35
27
54
51
45
12
21
27
16
20
23
31
21
9
36
25
15
10
15
6
47
10
12
29
23
19
34
17
23
25
21
11
28
30
18
17
20
20
14
12
17
11
9
14
36
38
34
7
10
11
39
21
19
15
6
2
12
18
26
10
30
7
22
22
17
21
9
10
22
22
13
18
21
4
17
8
4
14
13
6
9
3
8
18
36
16
21
27
12
8
37
15
84
75
79
42
50
58
69
73
83
77
57
28
63
31
21
62
54
39
62
31
33
29
28
42
58
49
51
42
52
34
50
38
31
29
52
28
41
37
48
49
32
13
22
27
33
57
69
18
78
82
51
31
33
36
37
57
39
19
40
54
28
42
64
48
56
55
32
48
59
47
31
23
43
55
45
28
44
49
34
23
57
46
35
44
36
46
36
32
26
27
31
40
11
40
40
8
60
62
39
41
22
22
56
63
43
29
52
33
27
31
35
41
37
39
39
38
29
29
26
20
24
43
47
50
35
17
24
28
35
31
16
19
35
20
22
21
17
28
20
11
26
36
43
3
43
40
37
28
38
25
45
38
52
44
21
16
47
13
27
51
32
7
43
32
29
33
45
24
26
43
49
43
38
16
21
33
32
37
7
26
7
37
30
12
15
21
28
41
42
30
19
26
70
53
43
32
36
15
35
33
49
35
38
7
22
53
44
49
42
14
25
49
27
48
39
19
23
26
41
44
43
13
37
43
62
41
22
18
35
59
39
17
11
6
21
41
29
20
6
24
42
46
28
53
60
17
8
26
44
42
34
20
31
30
29
40
9
17
53
54
11
6
3
20
33
40
25
7
8
9
40
53
31
10
3
10
49
33
12
36
21
25
13
38
1
20
15
33
49
38
35
55
46
12
38
43
32
41
39
22
31
37
24
15
18
3
26
26
9
16
14
9
30
34
22
9
20
28
13
24
8
9
7
15
15
12
25
14
28
17
19
4
28
13
13
14
27
38
47
39
21
23
22
30
25
26
7
14
43
35
17
17
17
4
33
27
2
15
34
14
8
15
14
7
8
30
15
13
24
12
18
21
35
6
18
2
19
7
26
31
33
4
34
11
48
14
5
36
12
16
40
2
9
23
16
16
14
10
10
17
25
26
12
13
10
14
18
26
10
30
29
13
9
6
12
18
44
24
8
9
24
16
33
12
13
25
13
9
26
15
18
12
184
175
138
183
118
197
149
124
152
168
100
170
158
127
165
127
181
166
121
164
161
143
159
113
136
167
179
162
195
119
159
144
165
198
173
240
209
158
180
235
238
451
336
187
171
165
404
529
166
213
219
278
249
237
206
195
219
231
241
178
211
193
197
169
232
218
197
173
160
179
259
213
138
174
152
198
197
250
253
227
175
193
149
302
370
302
170
119
239
319
461
252
175
174
400
255
291
290
296
251
400
452
278
272
281
313
372
254
319
301
252
261
277
232
296
307
259
358
276
417
165
232
236
251
175
423
202
318
234
139
224
333
254
442
308
161
324
205
298
446
339
213
339
58
234
275
254
247
201
539
447
433
360
305
280
581
517
450
457
412
411
555
271
249
328
283
369
643
206
239
220
169
222
418
159
312
253
156
304
199
162
266
277
279
339
71
194
199
358
518
248
19
206
203
156
273
210
752
374
329
274
232
197
765
598
440
409
294
622
591
311
275
260
239
710
312
160
280
247
212
353
80
178
217
334
416
250
10
193
135
380
561
88
17
207
191
410
402
11
10
212
164
198
198
240
690
277
246
196
184
336
478
562
317
269
402
486
96
574
248
271
606
459
15
259
177
362
507
139
8
223
191
449
362
53
57
206
261
366
107
34
38
216
345
240
40
20
17
252
259
229
209
465
429
242
255
228
336
455
81
487
288
391
539
219
0
631
337
643
431
33
39
352
280
491
119
26
73
218
317
256
10
21
20
247
343
91
51
30
27
413
289
25
26
40
37
259
313
237
431
485
64
366
368
300
500
210
11
598
661
476
249
64
45
765
984
400
28
19
54
772
725
110
13
36
26
561
415
33
26
7
150
409
167
42
24
55
248
298
33
33
46
187
203
283
463
544
436
54
14
342
955
679
115
19
50
695
1034
277
39
76
56
759
521
77
37
35
11
607
85
30
10
21
54
325
64
31
25
44
85
77
25
68
25
45
48
20
43
13
35
52
49
33
38
16
36
26
27
26
30
22
31
15
8
13
36
29
50
38
11
16
25
18
35
38
35
14
43
24
23
28
28
15
17
20
23
30
12
19
31
53
37
19
14
21
40
30
75
44
8
67
42
45
43
40
25
64
22
11
21
13
25
34
42
14
13
22
31
48
67
13
34
36
38
58
49
25
39
37
31
28
31
29
31
25
21
22
48
20
23
25
20
27
44
43
19
29
8
24
36
44
44
31
25
41
43
37
31
28
29
53
31
42
44
32
48
37
12
46
47
37
34
39
32
18
19
29
5
49
59
31
4
19
20
47
56
46
11
33
8
44
42
52
24
41
17
21
42
37
20
29
24
30
34
20
26
38
18
39
69
22
34
35
19
28
56
40
27
27
2
22
15
38
38
17
19
32
21
38
43
20
20
22
34
58
24
21
30
20
35
53
13
11
19
25
40
9
27
55
33
14
28
35
29
26
25
23
27
37
42
17
19
16
37
41
46
16
14
14
37
34
29
32
12
8
32
23
4
8
26
16
16
23
10
26
6
25
19
19
15
14
23
16
19
29
43
51
15
28
39
53
47
32
26
37
50
44
24
3
21
19
41
21
7
19
11
17
34
22
24
30
6
52
43
26
20
26
24
62
42
10
12
16
28
45
15
18
21
4
8
46
40
28
55
21
4
57
28
14
26
6
7
30
12
26
16
20
23
33
8
24
28
24
10
45
27
22
15
13
4
37
36
6
27
21
18
31
25
29
11
17
11
35
26
21
24
24
17
29
38
44
35
8
34
19
23
42
21
2
11
32
22
7
17
21
32
36
33
13
9
25
17
29
48
16
8
14
2
37
32
14
7
14
9
33
36
14
16
15
15
13
13
14
27
4
18
43
44
35
7
24
40
25
19
13
15
19
21
17
13
17
23
44
15
12
4
20
19
19
5
12
20
19
22
13
4
11
11
15
26
6
14
17
6
26
8
32
18
20
6
27
16
35
7
31
9
47
42
2
27
40
12
45
29
3
11
55
17
32
16
41
28
51
42
38
16
38
52
34
46
38
17
14
47
29
35
42
20
18
57
23
41
44
34
34
33
21
42
37
24
43
16
49
26
23
50
33
60
18
34
37
36
27
46
22
52
49
21
13
26
21
23
53
36
12
36
48
44
64
51
10
52
55
42
69
53
36
46
11
24
52
58
31
18
46
31
42
35
10
18
45
34
29
50
36
17
38
35
39
29
5
26
31
50
43
36
36
32
32
53
38
45
45
29
43
64
69
48
18
28
38
42
50
33
32
26
38
22
26
51
58
20
30
30
40
55
38
23
51
46
35
43
39
12
22
37
41
34
21
32
24
24
43
31
29
35
25
25
41
33
36
18
51
41
71
46
34
18
66
45
52
39
47
12
40
23
31
55
12
9
30
21
41
9
26
16
52
23
23
43
69
25
24
14
29
34
36
11
7
23
28
20
9
41
11
29
37
34
34
36
53
41
23
47
34
2
78
52
32
32
8
18
56
43
36
18
18
21
57
49
28
13
25
10
11
26
38
48
35
6
31
55
25
40
50
9
33
52
32
40
14
20
18
33
48
30
10
31
26
49
33
26
17
9
16
54
30
1
16
25
12
38
12
24
22
31
42
44
24
16
21
7
32
38
60
84
43
13
27
57
58
37
34
7
12
51
30
7
35
2
9
35
26
17
25
1
14
64
42
10
14
6
50
46
27
15
8
13
73
31
17
12
21
11
37
8
26
17
12
18
62
72
45
26
17
47
32
33
51
36
34
17
33
7
26
13
22
23
34
11
11
16
13
6
27
7
20
6
16
10
37
24
16
15
18
14
30
6
4
16
17
7
22
6
14
16
15
12
46
51
50
31
26
4
47
23
27
23
25
21
25
20
15
27
28
17
48
17
4
21
9
8
32
7
24
14
25
9
21
5
16
14
10
11
5
17
12
9
16
16
21
12
20
7
10
21
49
64
34
35
36
18
45
56
44
76
66
32
39
40
72
67
91
37
52
51
69
39
54
35
64
55
29
50
47
30
21
42
60
52
25
36
25
28
39
41
19
28
27
25
21
23
39
7
45
34
41
42
30
35
46
35
48
75
32
21
43
57
72
51
28
24
54
62
49
40
24
57
53
43
36
56
29
29
43
45
46
38
37
43
61
49
16
40
40
34
55
10
46
25
42
16
57
70
58
29
33
24
54
54
30
47
38
16
11
30
38
50
49
40
22
33
28
37
39
33
29
21
34
13
48
47
46
19
16
13
71
41
62
11
16
42
57
11
33
19
26
49
27
9
33
37
50
45
49
36
23
17
49
57
30
43
42
21
21
40
23
31
20
40
32
17
5
5
23
38
43
35
13
12
45
24
31
11
31
9
48
46
28
10
26
13
54
36
46
17
7
15
99
81
36
33
41
21
34
40
38
14
35
43
46
47
28
27
29
22
44
37
46
27
15
13
20
14
45
15
23
3
36
40
37
25
18
10
32
21
54
20
14
8
25
44
24
9
16
9
30
83
58
24
50
9
31
48
34
30
42
22
20
17
23
48
44
17
5
4
9
21
32
23
11
14
30
11
6
38
40
50
46
13
3
19
46
39
40
7
13
11
41
39
17
13
14
5
38
62
44
22
43
35
47
62
45
14
15
6
17
39
52
24
16
13
17
32
50
33
32
17
47
22
33
14
21
28
37
50
22
8
24
9
44
55
17
10
13
18
31
9
15
9
15
26
63
43
53
50
16
20
69
37
68
26
22
13
19
14
40
27
12
18
27
23
11
9
26
23
15
37
14
19
14
15
23
28
4
12
23
18
28
12
15
11
12
13
5
19
26
12
11
15
52
52
49
55
22
7
55
9
11
21
19
6
41
6
9
5
28
30
14
19
5
21
12
16
11
5
13
10
7
32
17
0
12
19
17
23
26
5
11
27
31
19
23
13
5
6
23
9
71
44
40
32
44
72
62
47
24
34
65
33
62
54
39
42
54
17
75
57
46
44
38
34
80
74
78
52
40
31
48
98
94
45
37
39
45
73
52
33
20
37
53
24
31
52
26
17
83
53
34
38
24
67
44
24
59
49
46
47
47
36
48
34
56
36
56
74
56
38
53
46
47
68
70
59
25
39
35
64
76
48
13
27
7
39
48
20
15
19
15
20
20
19
40
18
20
61
56
22
32
30
41
44
24
13
24
46
47
33
30
21
11
34
18
16
19
24
20
8
11
26
37
20
33
24
29
29
75
15
21
43
48
36
63
33
45
34
43
43
37
57
44
21
54
30
14
7
25
19
40
33
20
44
29
25
40
43
29
58
34
22
52
46
36
42
39
28
60
32
29
39
41
28
51
37
29
30
44
18
41
42
19
24
30
18
47
19
44
28
16
16
53
33
36
30
62
34
27
21
20
33
71
27
17
8
12
54
34
12
24
13
24
50
21
16
30
10
49
55
24
22
24
13
57
35
17
9
14
36
34
8
11
9
42
30
36
7
7
5
61
73
45
12
37
13
52
55
36
50
54
13
51
54
17
28
13
14
57
29
33
14
20
16
26
55
59
22
23
6
31
60
44
9
31
38
45
33
22
29
16
34
33
32
16
27
16
11
28
38
53
72
45
13
54
26
34
66
42
10
28
14
35
51
10
20
13
25
40
10
21
16
16
36
23
21
19
12
41
33
12
27
13
15
35
29
7
14
17
12
36
14
20
7
18
6
41
50
47
26
14
14
39
36
37
34
3
6
29
37
32
15
17
15
32
38
17
8
20
16
54
19
20
11
35
10
27
19
9
7
9
13
17
28
9
12
12
16
13
16
18
21
22
13
33
50
28
15
22
28
26
38
23
17
11
11
16
16
12
5
11
22
28
9
12
7
16
18
40
22
22
8
24
32
13
22
8
7
8
8
6
7
30
4
15
15
37
6
27
1
14
17
51
37
35
39
27
37
61
20
9
20
31
53
31
16
7
22
34
27
22
25
15
33
31
26
39
22
15
37
47
27
14
16
8
20
55
13
40
25
12
28
29
27
48
21
18
29
13
21
35
34
41
46
41
33
44
41
39
41
32
16
46
45
55
22
41
41
38
22
50
27
24
31
11
8
24
33
15
25
17
21
19
26
17
35
37
41
14
32
46
19
43
46
7
22
23
9
27
18
24
48
26
26
33
44
13
27
35
7
10
40
42
12
40
18
31
34
30
35
39
31
27
16
22
14
14
11
24
19
57
29
16
23
55
39
53
24
26
29
47
54
43
29
21
24
45
43
71
40
48
60
42
40
33
52
54
53
28
39
20
20
25
24
17
40
27
15
27
0
13
51
43
16
31
31
23
48
50
16
25
24
16
39
23
16
25
12
35
47
31
16
28
6
36
34
61
49
31
24
45
23
43
32
36
12
47
17
27
27
15
3
14
15
37
32
24
15
13
36
46
28
45
10
26
39
45
11
14
14
30
30
41
2
21
10
38
38
30
16
23
25
48
49
45
37
27
20
45
18
45
57
31
6
35
29
52
28
14
18
48
28
37
21
36
9
45
25
10
8
24
9
14
26
31
7
11
9
20
22
29
11
31
24
41
19
16
11
13
14
24
42
60
49
50
12
22
34
38
24
30
16
23
22
16
8
7
15
36
37
23
4
8
17
51
45
35
11
25
28
14
36
34
7
20
30
17
26
11
7
17
36
20
25
13
8
15
13
32
11
15
30
25
8
33
24
23
30
16
16
38
16
20
20
15
12
19
13
12
16
30
8
22
4
9
15
11
0
32
4
5
8
7
9
4
4
9
9
18
15
10
23
9
6
23
14
92
35
41
24
1
26
41
20
28
29
28
24
13
6
19
16
12
7
16
5
23
14
30
13
22
10
27
5
16
6
40
29
15
6
24
21
13
9
39
7
10
28
0
20
27
2
7
20
29
61
45
9
30
54
49
86
40
11
12
32
31
53
25
12
7
11
26
29
40
11
30
21
52
19
37
34
22
39
47
26
7
37
22
24
38
28
24
38
42
12
48
35
64
51
51
14
47
37
12
23
21
14
39
49
28
7
24
19
50
41
24
18
43
47
49
27
30
47
44
28
31
21
34
33
40
39
42
27
19
10
52
34
50
37
11
19
43
24
32
57
37
52
47
20
20
27
43
35
22
12
30
17
7
18
18
32
43
39
28
34
22
25
31
46
37
22
21
9
27
36
13
23
16
23
45
40
18
23
25
41
58
58
42
30
30
18
46
43
48
35
12
7
20
26
49
31
25
8
54
28
30
21
13
33
45
33
27
34
40
20
10
7
7
12
33
17
13
23
7
7
30
11
28
24
23
34
35
23
36
26
49
43
22
2
38
49
48
23
7
10
36
29
41
52
49
8
28
43
37
29
56
10
30
41
40
31
24
15
38
21
55
33
11
23
42
41
48
38
12
25
33
48
46
24
18
12
32
33
15
13
21
10
33
39
12
30
16
5
60
51
50
43
60
12
31
52
47
41
40
8
27
23
30
47
23
16
26
24
17
24
2
23
18
22
35
9
3
2
28
9
43
10
8
30
48
49
9
26
22
18
35
36
5
6
20
18
40
47
44
26
25
10
52
51
25
27
17
8
36
36
46
31
2
11
25
25
25
17
9
14
34
25
26
4
14
16
37
38
4
28
30
15
48
15
20
19
46
7
34
20
15
23
26
24
37
73
27
17
13
15
36
86
36
28
3
10
11
42
28
31
6
6
25
10
18
40
19
18
26
33
34
26
3
7
33
23
26
12
12
8
40
7
8
20
7
8
20
21
24
7
0
2
42
16
23
22
16
17
25
2
10
15
19
8
15
13
3
14
8
12
13
24
22
7
1
11
16
23
26
14
2
9
25
7
9
38
9
1
12
10
2
21
19
15
23
16
11
20
9
29
32
27
17
31
32
10
31
14
11
17
13
33
31
22
13
12
51
51
29
17
21
43
59
40
23
15
33
49
58
31
31
26
27
62
51
37
35
8
11
51
57
20
15
14
11
29
37
0
23
47
19
6
40
45
20
46
27
38
27
28
16
22
24
56
24
31
22
19
20
33
37
24
47
28
57
27
27
12
72
26
40
27
29
19
48
45
13
21
16
24
44
65
20
22
9
7
44
34
30
47
44
9
50
28
35
24
18
20
46
31
10
57
35
21
40
41
7
36
26
25
38
50
17
37
22
30
53
27
41
38
29
30
49
35
50
55
42
28
53
40
40
44
34
14
5
25
42
25
27
18
27
28
39
43
33
21
11
23
42
49
23
28
11
17
28
28
9
20
26
19
24
21
6
21
9
6
39
44
5
36
3
32
32
25
6
20
14
42
21
15
2
14
34
35
30
31
35
7
29
18
29
46
32
11
18
25
36
43
24
12
30
40
28
5
17
2
24
36
18
26
18
20
9
25
34
58
34
4
21
45
47
37
13
21
43
55
33
15
6
3
39
38
14
41
38
8
55
32
34
49
28
16
24
27
51
47
22
15
6
27
50
25
18
18
24
28
16
7
23
39
42
34
13
17
27
34
36
26
8
13
5
4
43
18
10
7
23
9
71
50
36
39
25
21
56
14
27
61
18
18
38
23
32
24
25
10
31
52
23
27
18
20
29
42
28
28
4
21
32
26
33
32
3
18
23
30
11
3
5
17
24
27
10
14
3
22
46
57
48
51
21
17
24
62
60
17
22
18
46
38
15
16
25
13
26
2
30
7
3
15
30
31
16
10
20
28
27
14
30
15
8
8
24
16
16
7
16
21
23
4
4
6
19
13
51
49
26
17
10
17
51
25
14
0
5
8
28
6
22
14
22
3
11
21
10
7
22
2
13
33
19
11
37
9
11
9
17
17
10
10
10
0
3
24
20
0
24
10
9
24
12
13
33
40
77
41
30
36
32
28
70
60
58
47
27
49
43
60
66
32
38
49
52
32
16
54
22
18
41
42
19
52
38
31
42
22
5
28
27
33
30
42
16
12
27
22
28
61
32
12
56
53
39
21
26
35
51
61
24
30
64
37
33
53
71
56
62
46
62
45
55
58
55
44
91
81
32
39
67
57
50
45
38
40
42
53
48
37
31
30
44
38
47
32
14
38
62
21
56
60
65
43
21
19
63
63
39
33
26
26
67
39
27
47
36
22
54
34
32
35
31
31
54
63
53
26
32
49
30
56
45
18
40
42
50
31
27
43
39
18
42
38
24
40
38
18
70
66
57
64
44
38
43
40
59
55
16
20
56
28
43
31
34
18
32
27
28
28
39
24
45
46
36
28
36
18
35
46
31
44
36
13
23
27
24
22
17
8
27
36
9
41
22
12
64
58
47
53
26
19
34
30
40
53
25
29
23
32
44
25
5
32
41
53
52
30
24
7
51
47
38
34
33
14
32
44
21
31
18
14
24
31
41
17
23
14
7
36
33
4
12
23
21
63
52
21
21
22
32
44
48
37
42
39
9
30
21
24
30
16
37
37
48
28
22
10
53
29
55
15
14
11
41
36
22
18
33
10
34
41
24
31
21
1
33
43
3
24
10
12
19
47
8
49
50
6
20
23
12
36
19
19
20
32
24
28
19
17
21
34
31
28
17
31
25
44
34
18
17
25
34
54
23
7
42
21
52
35
37
4
29
21
51
9
20
23
6
13
63
42
27
44
36
32
39
56
30
54
26
7
18
13
23
41
26
25
9
15
16
20
10
7
12
9
26
5
22
25
44
22
14
15
14
27
29
9
13
19
13
19
24
22
14
8
2
5
56
52
64
26
12
18
17
36
38
21
18
14
22
6
24
17
19
16
29
17
13
25
9
17
13
26
19
2
8
21
18
16
2
16
12
9
27
16
12
7
11
16
13
29
6
24
11
3
67
55
72
75
37
51
87
82
82
79
48
42
89
90
86
54
50
30
81
63
56
66
49
34
50
62
50
56
50
40
46
49
51
51
26
18
40
49
29
29
43
39
28
52
40
35
64
24
70
46
46
43
44
40
59
43
38
35
40
24
41
55
32
52
21
12
49
53
40
48
44
29
31
47
50
37
43
51
18
37
38
35
48
47
24
49
43
37
54
50
23
49
29
36
33
18
19
34
42
19
43
26
20
30
35
29
53
38
42
22
11
37
58
48
30
8
18
41
44
15
23
31
37
42
52
51
32
34
28
31
39
42
36
20
8
24
42
4
21
25
31
39
38
12
35
55
53
60
46
10
43
55
21
48
39
24
30
28
12
26
34
28
56
23
32
35
45
20
40
28
27
33
26
4
46
36
19
17
21
18
42
25
42
28
5
10
47
47
43
20
33
1
45
42
16
23
30
18
16
21
30
9
43
16
17
25
22
26
19
11
32
46
31
23
25
14
26
37
55
10
27
17
14
15
27
9
6
12
33
17
25
35
11
8
54
36
24
44
4
17
57
74
32
49
55
17
53
61
19
52
56
18
31
18
29
29
19
16
7
16
35
30
13
9
34
17
40
20
13
12
34
22
22
1
18
23
32
45
41
18
15
22
40
45
26
14
8
9
33
48
38
29
64
26
46
49
64
42
26
25
21
22
54
26
13
21
35
43
35
10
16
30
38
49
18
8
12
20
34
45
15
26
22
18
38
48
6
18
13
4
18
26
15
17
15
28
43
58
41
54
23
17
18
31
48
25
15
22
24
11
13
15
19
12
19
12
24
19
8
14
33
27
26
15
6
8
47
19
16
22
11
17
33
23
20
19
7
27
17
14
8
11
20
5
44
41
48
21
15
18
42
16
42
16
9
19
39
9
22
8
7
10
18
16
20
6
19
16
11
10
25
13
10
9
11
1
17
24
18
5
41
14
22
7
15
17
27
11
15
13
6
15
60
36
29
44
60
60
52
28
62
34
23
40
29
30
48
49
27
32
46
57
69
43
33
46
81
56
89
52
40
33
61
74
80
30
28
48
9
47
75
35
16
45
14
31
32
40
25
19
49
40
31
33
27
53
48
52
51
39
19
64
42
64
59
44
34
41
47
58
66
32
46
49
54
56
58
48
27
26
41
40
51
52
41
26
44
41
32
33
73
40
39
37
18
42
58
21
44
28
37
49
41
26
40
17
17
38
44
41
36
65
47
38
25
33
51
88
58
36
41
35
39
60
51
41
53
35
35
37
49
29
36
48
39
41
42
44
55
41
26
43
49
53
54
18
54
60
43
40
47
25
47
54
22
46
47
26
46
44
28
20
37
32
53
50
49
20
21
31
34
42
35
42
32
39
32
28
34
34
38
30
48
31
28
46
34
37
41
34
34
27
29
16
51
65
58
46
21
10
24
39
60
55
12
21
51
27
39
40
19
9
48
38
27
32
30
13
43
45
18
25
23
6
42
59
25
15
11
27
46
51
44
5
28
24
66
26
27
15
1
25
57
51
44
48
36
30
37
39
44
23
35
32
4
46
44
32
22
16
36
56
31
26
14
34
54
47
26
22
9
27
26
37
25
5
13
14
21
38
19
20
16
11
18
67
9
18
21
16
32
54
60
65
41
4
34
33
45
52
18
6
53
40
39
31
5
25
41
51
27
17
15
32
9
28
10
18
27
6
16
30
10
3
17
11
40
48
6
31
14
27
22
17
9
34
9
14
35
25
41
37
13
3
23
32
26
29
21
8
26
8
6
17
8
8
36
16
17
6
11
27
19
11
7
28
26
8
42
25
13
26
13
22
39
28
20
13
25
15
22
12
16
4
8
12
36
35
47
11
10
6
55
25
12
13
11
2
44
5
10
17
17
8
11
22
31
15
6
12
24
25
21
17
12
12
7
6
9
18
13
9
25
24
14
13
10
8
27
33
27
5
21
17
163
200
139
154
135
219
173
178
144
159
138
197
181
152
153
142
153
175
132
134
131
132
184
109
161
115
143
148
192
134
219
136
131
207
178
207
268
181
171
215
249
449
380
244
175
135
364
533
210
220
229
271
272
301
196
184
207
234
267
214
217
191
192
186
246
228
207
224
154
171
236
201
182
185
143
201
186
247
282
238
179
201
165
298
364
320
199
123
251
328
490
322
205
158
392
287
262
290
325
243
360
481
264
271
272
295
379
249
315
327
241
312
279
280
273
318
260
358
289
402
169
235
213
241
177
344
187
318
279
139
217
320
230
362
342
175
336
216
287
384
353
244
344
90
231
297
261
255
189
476
477
477
451
347
269
567
501
454
489
422
459
599
260
250
305
288
368
640
196
254
260
168
247
377
136
289
282
168
312
193
134
238
308
334
373
71
201
165
362
584
269
21
199
238
187
269
140
690
439
360
291
253
192
681
654
430
433
249
574
609
360
240
284
175
636
367
193
241
289
221
376
128
194
221
317
436
254
25
200
177
324
557
122
28
174
223
404
364
41
45
213
152
196
193
200
653
296
239
256
142
315
425
620
378
298
443
492
90
609
253
258
589
423
38
348
133
341
535
118
19
256
180
400
348
11
61
169
261
366
40
40
38
214
318
234
46
13
28
231
266
223
192
446
420
266
242
191
343
462
93
485
370
411
569
214
17
629
396
645
479
25
42
372
255
469
143
22
74
203
354
292
42
12
22
219
372
97
42
27
23
466
331
58
50
24
33
223
340
217
416
456
45
375
429
305
474
210
29
621
808
520
229
45
27
667
1036
452
67
28
86
748
758
146
35
18
41
563
452
42
10
0
126
378
143
34
35
57
247
310
22
30
32
174
197
255
499
618
448
51
1
301
916
778
102
4
63
595
952
292
59
27
40
700
497
87
52
9
55
601
93
58
24
26
65
352
29
25
4
32
58
72
15
48
38
32
43
10
21
39
62
43
37
89
61
27
52
48
51
49
59
39
30
37
27
65
51
32
10
44
10
50
45
50
20
30
35
62
61
51
29
28
51
51
43
61
70
45
19
44
23
60
47
48
62
51
33
49
22
42
61
73
37
42
52
33
38
75
44
36
59
43
28
56
55
36
59
32
28
58
53
37
15
7
61
41
44
52
27
33
64
21
43
51
45
56
49
34
42
36
44
47
14
5
32
31
44
39
8
41
45
62
28
21
13
31
30
37
3
31
33
44
36
25
15
44
33
57
60
36
27
43
51
38
46
53
47
65
50
35
22
53
28
36
24
32
27
30
28
31
8
41
25
43
33
30
28
59
51
30
38
55
22
35
29
24
26
62
41
19
40
15
10
53
34
48
38
34
48
47
16
38
29
47
47
36
43
43
20
29
24
24
19
35
33
44
10
13
18
11
32
34
21
14
5
74
78
60
34
28
27
52
43
36
39
25
31
49
18
40
47
3
12
57
35
47
48
18
16
65
51
53
36
34
31
77
60
32
6
20
22
45
53
33
13
10
1
34
43
23
36
7
17
65
72
57
60
78
37
46
54
69
43
42
31
36
52
62
33
23
13
56
38
30
22
14
12
59
43
55
27
16
6
32
62
52
18
4
13
20
33
48
17
3
11
26
39
20
11
5
13
42
52
35
43
35
14
21
14
40
34
7
18
25
21
42
25
11
8
41
15
21
21
11
20
31
56
26
12
4
6
42
74
21
23
13
15
45
26
6
3
12
34
12
35
30
13
10
25
51
49
17
46
14
22
46
51
28
8
13
16
55
29
20
18
26
21
45
29
5
25
24
42
8
12
6
18
20
11
33
15
12
7
26
15
44
21
11
12
12
14
19
21
15
16
6
12
57
24
45
15
17
20
42
18
13
19
17
4
54
9
12
2
20
11
28
20
0
12
20
12
28
21
17
21
10
4
19
8
10
10
10
4
54
12
12
11
25
19
33
10
10
9
18
0
42
38
9
14
26
23
55
49
33
35
21
32
41
44
63
33
21
21
17
28
43
29
21
22
23
20
48
35
7
28
37
37
57
37
2
42
59
27
34
42
19
28
43
33
11
40
59
28
27
54
72
74
57
30
18
19
54
50
19
6
33
16
30
51
29
5
41
23
22
41
29
30
69
30
7
23
37
48
61
42
21
41
38
22
24
34
38
18
30
12
16
24
55
25
12
24
41
38
46
25
20
16
43
33
32
36
41
39
39
49
43
17
26
26
59
44
11
26
34
34
52
42
39
33
45
43
7
43
44
27
15
4
17
32
36
49
6
18
33
17
55
38
2
6
31
39
45
56
46
27
27
35
4
41
30
22
30
30
5
5
4
17
51
44
35
33
27
12
75
50
62
61
27
14
48
50
42
38
16
16
20
40
36
22
35
5
22
28
40
33
33
17
36
40
40
28
27
15
34
54
37
11
19
30
35
24
26
31
19
18
48
46
50
50
18
16
23
45
26
28
12
10
38
51
23
23
8
4
41
35
19
29
23
5
21
20
16
29
18
12
31
12
18
34
40
23
7
18
35
24
21
9
5
49
28
28
13
30
39
59
34
8
22
10
16
59
51
16
25
16
25
58
34
18
19
21
9
18
51
27
20
28
15
17
35
23
15
12
32
33
7
37
38
16
11
22
15
20
14
11
9
15
44
12
2
30
22
40
45
13
23
31
33
40
22
9
23
14
36
22
24
21
10
7
41
13
19
7
17
12
40
9
9
9
12
23
73
57
43
34
19
20
17
33
16
29
22
17
45
21
17
8
22
25
24
18
11
2
10
39
10
29
35
17
9
21
16
32
21
4
27
6
9
18
8
12
3
14
15
5
14
17
22
27
37
51
8
20
32
9
28
30
21
24
11
18
56
24
18
26
9
15
27
7
1
11
5
8
18
30
9
6
9
7
13
25
13
11
12
13
38
17
25
30
26
5
30
16
9
26
22
9
54
77
76
69
58
35
73
57
80
76
62
51
81
45
91
89
44
47
79
61
57
68
50
33
53
52
35
56
52
26
35
32
27
47
30
44
52
28
27
41
30
47
67
70
20
38
28
20
70
59
76
57
31
22
45
64
47
24
48
40
32
38
42
16
30
44
31
26
31
22
57
34
22
29
35
42
34
42
18
15
37
42
42
42
20
35
45
36
63
37
25
42
32
57
49
19
52
42
30
27
39
20
65
48
46
33
18
17
60
21
43
43
35
19
28
22
25
28
14
23
21
46
22
13
2
20
50
54
35
33
17
32
61
41
46
46
31
17
41
42
39
40
35
4
45
30
38
49
29
23
39
27
29
54
25
8
37
24
7
25
27
7
5
41
33
18
42
1
24
35
42
25
24
20
38
26
44
48
25
22
41
59
48
19
8
13
60
61
18
6
13
6
2
29
52
49
52
15
44
29
35
49
37
6
47
34
20
19
4
15
36
36
28
24
11
10
30
29
31
50
7
12
22
33
41
48
4
11
16
40
64
25
22
18
28
41
54
16
20
29
65
49
42
55
45
19
53
9
27
64
19
12
26
6
37
30
12
43
28
16
59
21
21
28
31
30
30
8
17
19
42
47
45
5
28
22
13
10
28
25
16
8
52
16
13
38
16
17
56
55
31
25
21
34
47
46
31
18
15
5
21
19
42
19
5
31
22
55
5
18
17
8
26
43
19
28
20
23
46
39
25
17
10
18
22
30
21
14
8
9
17
11
11
18
20
8
37
27
38
19
18
42
19
26
28
7
19
23
20
13
15
5
10
22
13
23
27
11
15
14
14
14
29
10
18
13
15
19
17
8
6
23
47
16
12
17
14
35
33
32
15
11
16
19
27
15
18
6
7
12
31
14
14
14
14
19
14
17
22
15
23
18
17
28
16
15
13
13
27
12
26
34
13
19
34
34
23
17
15
12
24
36
7
17
16
18
19
8
10
6
25
17
43
45
46
36
49
11
27
63
60
42
30
25
45
58
33
35
6
50
45
22
22
40
21
37
27
21
30
29
28
40
54
43
21
30
25
31
58
32
2
40
34
27
63
44
5
23
40
28
47
71
37
48
51
35
73
46
21
47
44
7
58
48
46
60
40
28
42
72
67
43
28
45
39
49
37
22
20
15
17
70
37
17
34
44
22
51
37
16
45
41
22
34
37
31
18
15
31
72
39
38
38
3
39
54
33
47
33
18
43
26
52
48
26
39
36
25
63
51
26
44
12
38
30
28
27
21
34
53
46
27
30
7
46
46
49
47
26
8
25
27
52
55
12
18
7
33
45
51
59
41
46
26
41
40
44
30
58
12
8
30
32
6
23
19
30
21
25
6
18
39
29
11
11
14
14
47
9
11
27
6
30
53
24
10
30
7
22
36
31
6
34
22
13
18
38
47
53
6
20
14
20
30
33
8
3
17
29
34
6
23
20
15
45
29
7
38
11
24
63
22
24
18
16
49
44
14
15
9
18
41
11
17
22
10
7
28
25
9
11
6
44
49
52
45
42
13
48
31
14
51
72
12
38
35
25
27
51
6
41
31
35
6
3
19
11
26
40
16
20
20
18
17
32
27
27
17
27
13
18
33
29
15
41
26
12
43
10
26
37
45
56
39
25
17
59
44
50
41
21
11
43
10
34
28
29
10
60
48
31
13
13
8
49
40
29
14
3
16
46
18
13
10
10
8
65
22
13
17
24
10
16
21
33
27
15
20
68
38
45
40
20
10
36
38
47
5
9
15
17
13
34
25
9
25
11
33
9
35
23
12
9
11
30
8
27
10
27
12
15
11
13
9
13
9
24
16
18
15
2
2
28
26
10
11
61
24
45
29
11
20
34
12
14
13
10
18
23
15
12
6
12
9
23
0
8
24
16
3
24
31
22
36
5
7
18
18
34
9
12
13
14
29
6
14
23
12
20
17
10
25
23
13
78
81
74
50
58
53
79
72
65
63
60
39
63
72
59
48
58
25
86
60
37
46
65
22
98
90
63
52
37
30
60
92
96
57
45
59
57
48
57
54
54
36
59
50
35
9
20
13
57
45
47
37
59
44
62
10
32
34
40
36
47
39
23
44
46
39
37
45
38
48
13
14
52
40
55
28
37
37
39
48
54
40
64
49
36
33
45
46
50
38
46
13
27
29
54
43
19
44
25
38
51
39
19
23
22
61
37
18
12
6
45
50
28
3
2
32
57
32
30
7
22
30
23
21
41
30
10
35
38
10
25
22
26
27
18
25
31
23
43
23
18
44
25
6
33
52
34
25
67
45
27
25
35
9
14
18
35
33
19
25
27
18
56
33
10
50
64
2
43
29
29
49
66
30
23
20
42
31
44
23
45
36
35
24
17
28
51
70
35
17
23
22
77
66
44
59
35
25
41
67
55
57
39
9
20
27
31
55
40
4
50
37
19
25
34
11
57
43
23
33
21
32
36
38
50
19
15
19
28
43
29
12
14
31
27
40
34
10
20
25
53
72
64
51
61
31
36
25
39
47
41
20
17
36
30
44
23
13
55
68
27
26
18
18
40
74
41
18
16
17
34
65
47
13
10
25
37
42
33
13
10
12
23
18
30
21
5
16
15
37
41
36
52
25
44
30
12
21
15
35
49
14
23
22
10
29
47
49
36
8
3
12
27
62
42
7
12
6
11
49
37
10
29
13
24
39
16
21
22
3
22
22
7
15
12
15
40
37
24
34
26
12
31
28
9
9
10
31
24
13
0
12
11
8
17
15
9
24
10
27
15
17
16
18
32
31
22
10
6
22
28
9
24
18
12
21
20
11
1
4
7
9
20
15
69
37
47
30
6
29
65
24
19
17
6
42
43
10
11
20
9
13
16
12
12
4
19
19
19
16
34
14
13
17
11
8
26
12
16
17
4
6
15
30
7
11
8
14
26
38
16
17
39
37
40
43
25
42
20
37
41
72
47
42
24
27
47
44
40
15
59
37
18
27
19
9
78
39
22
55
9
12
25
33
35
30
17
20
17
42
43
31
22
20
21
28
50
38
35
24
19
34
36
25
38
15
29
39
58
36
48
53
54
51
29
42
68
55
45
46
33
18
72
35
43
46
41
27
48
30
33
55
29
31
35
30
22
53
53
19
33
31
27
24
49
23
24
13
33
36
35
33
4
15
46
32
15
33
33
44
27
10
24
44
45
49
56
16
41
34
23
43
72
48
51
33
25
35
52
60
49
47
35
25
57
58
32
54
42
19
69
45
29
56
24
5
49
51
63
59
24
20
14
44
56
25
27
21
31
41
41
17
34
27
51
43
29
42
61
43
59
35
48
56
61
41
36
18
33
58
43
10
12
19
26
40
35
9
21
29
11
22
35
21
47
24
34
38
33
52
29
38
47
30
44
51
36
35
22
36
25
6
43
38
42
29
7
4
52
37
25
46
11
16
52
31
27
35
3
25
28
34
38
4
14
14
45
40
29
13
24
4
26
30
31
22
29
17
40
28
15
42
23
19
28
34
27
39
28
17
11
33
48
15
13
11
36
40
43
17
26
26
50
35
38
18
39
9
41
16
24
20
29
27
22
36
11
29
7
23
38
38
15
8
32
19
49
17
42
54
14
14
16
11
35
49
22
19
19
19
43
14
7
22
31
41
45
28
27
4
32
51
23
37
27
7
39
22
23
13
27
29
18
15
4
8
22
41
61
31
44
42
21
18
52
28
21
22
29
23
33
26
7
23
5
18
19
10
21
28
8
29
42
14
14
10
23
24
31
21
21
1
22
5
24
18
10
18
14
12
31
21
24
25
7
13
43
26
11
23
19
8
32
21
4
8
32
5
30
15
3
22
15
20
17
22
11
26
14
24
20
11
11
9
20
35
10
25
22
21
18
30
18
27
11
18
14
23
26
12
13
2
14
15
55
54
72
47
40
9
41
62
56
43
34
37
48
63
46
36
23
26
63
62
35
26
36
34
78
66
58
11
15
29
80
58
61
24
45
35
17
41
20
17
54
7
15
34
49
32
47
40
31
54
54
33
11
40
39
49
70
43
37
47
42
65
66
39
46
43
46
61
47
19
21
29
63
57
60
42
32
53
58
48
28
47
30
51
41
34
27
26
53
34
30
55
31
34
70
16
65
59
55
57
40
38
41
35
55
44
56
72
30
46
42
15
50
35
67
62
59
43
42
18
70
72
67
57
49
25
53
56
51
29
45
21
64
46
41
27
39
33
73
23
34
36
22
13
44
46
57
31
58
19
34
25
31
48
41
18
54
44
31
49
48
35
47
32
42
42
55
27
34
21
47
50
44
35
27
31
47
36
26
12
25
36
55
51
24
19
30
37
45
41
13
19
42
73
72
55
58
25
20
30
24
14
72
23
19
34
41
20
15
19
31
55
25
31
48
8
59
38
19
33
25
11
60
26
28
24
9
16
31
33
32
3
12
28
16
42
38
15
14
14
48
55
58
48
38
16
36
22
36
50
28
12
40
24
41
28
4
8
36
21
56
27
8
24
50
29
59
37
5
15
68
37
20
2
11
23
41
44
13
28
10
5
24
24
15
22
8
5
35
32
28
51
15
32
43
42
22
21
16
4
35
17
21
25
13
21
41
65
30
11
4
21
50
69
31
15
13
4
48
61
11
22
9
8
38
53
17
29
3
13
49
8
7
16
12
3
43
33
31
4
26
11
30
31
21
20
24
24
30
16
4
18
14
18
35
37
11
11
19
17
35
22
10
12
10
20
41
14
13
25
11
11
32
16
10
22
24
4
12
16
11
3
18
5
63
55
47
32
17
8
45
13
13
20
20
3
40
27
32
2
7
16
14
25
29
27
16
6
12
4
12
38
36
8
11
1
15
14
21
7
19
8
37
12
10
5
8
16
24
35
5
10
81
55
45
43
39
60
103
59
54
74
40
60
62
34
81
71
11
50
20
31
46
41
20
37
56
59
52
45
33
46
55
49
49
33
47
74
40
32
42
22
41
48
40
25
43
39
23
26
65
58
57
52
45
41
46
45
65
38
38
59
47
32
49
33
14
48
40
27
41
38
28
53
43
61
52
45
36
52
60
40
51
47
32
30
26
14
41
55
39
29
10
26
23
43
44
13
50
52
43
36
27
27
34
33
37
46
31
17
35
44
31
30
34
27
52
53
53
18
30
41
42
46
53
53
40
48
32
76
38
44
48
29
49
60
15
20
34
12
27
51
21
3
32
15
50
56
45
30
20
27
39
45
33
42
24
37
20
57
29
31
22
22
38
32
52
38
34
37
45
31
47
37
54
34
61
60
51
20
12
3
45
45
61
22
33
0
28
35
26
30
15
13
57
96
65
55
53
48
49
56
59
68
51
44
39
74
58
58
33
12
21
24
38
47
23
8
47
23
34
32
12
4
48
51
54
33
9
17
31
50
34
39
15
21
4
24
41
15
14
9
82
90
55
50
57
38
42
43
35
61
57
29
22
46
31
34
33
28
49
43
32
33
24
42
43
4
51
31
14
9
23
15
46
13
5
23
39
46
34
32
22
16
45
40
8
16
22
13
36
59
47
55
56
15
23
39
27
28
36
28
12
11
27
29
7
22
24
18
39
35
7
20
24
33
25
16
13
2
23
40
12
20
22
12
25
16
11
16
17
20
34
19
20
21
18
9
39
50
55
59
14
3
29
17
46
36
14
3
57
18
17
12
29
9
39
19
7
19
21
17
14
10
7
16
8
14
38
10
11
27
15
20
33
11
14
11
29
13
33
10
12
16
29
15
29
53
48
33
20
7
52
11
40
6
11
9
40
29
15
28
23
15
29
14
39
14
25
28
34
23
25
20
20
12
27
20
18
15
15
14
6
15
22
17
31
12
12
11
14
18
26
27
38
12
51
42
19
9
42
37
14
11
25
29
27
20
40
20
26
26
23
23
40
20
32
5
36
43
45
7
32
19
38
28
28
21
8
36
21
19
63
28
32
51
47
42
23
14
38
24
58
53
22
23
7
43
39
40
16
22
36
18
25
26
20
37
51
57
23
34
35
33
47
61
19
18
30
27
21
59
40
33
39
29
17
61
33
29
55
48
37
11
18
38
44
56
41
15
58
32
44
35
43
42
22
52
50
31
41
33
25
44
37
37
26
35
15
13
41
41
31
38
47
11
42
22
36
28
62
31
42
37
13
18
43
23
39
63
30
4
36
7
10
72
33
11
28
23
48
18
46
46
22
27
47
17
57
50
31
30
9
22
27
17
47
10
34
22
20
23
49
38
37
29
18
13
86
56
38
42
33
12
70
11
38
50
21
21
57
21
26
27
20
15
46
72
48
47
40
27
32
61
38
21
48
39
17
36
40
39
33
22
26
15
21
45
8
15
56
42
39
30
28
26
61
58
38
32
23
26
23
7
9
7
17
15
32
48
23
21
15
18
41
53
14
27
50
18
44
64
38
35
55
16
31
60
57
34
25
4
20
67
39
18
7
9
59
66
18
19
8
9
60
34
28
32
12
17
32
49
27
22
13
30
33
31
14
27
20
22
42
56
82
46
55
35
53
26
53
47
45
31
41
17
37
19
10
20
9
49
49
10
23
22
31
57
46
15
22
15
44
60
7
15
10
17
42
24
22
15
3
31
18
23
18
5
13
20
48
33
31
28
17
15
26
20
47
35
15
16
26
18
15
28
21
11
10
9
22
20
25
29
14
10
18
15
1
14
35
9
8
26
17
31
5
12
19
25
18
13
25
12
24
15
9
4
163
130
173
88
134
104
135
128
124
83
149
27
111
108
117
63
106
25
93
119
76
70
81
40
88
122
43
58
41
63
29
74
63
34
47
75
93
15
61
106
85
78
147
26
71
169
94
129
148
209
128
161
124
196
148
159
136
164
126
182
158
143
180
140
140
183
150
126
165
163
168
112
136
137
156
171
196
118
184
153
129
210
184
189
258
172
190
233
257
469
356
248
195
145
350
559
186
236
221
249
305
308
199
193
215
223
235
216
222
210
208
173
197
226
178
200
189
188
240
181
151
185
166
175
188
222
284
276
189
186
197
278
401
339
219
124
249
342
504
344
213
127
354
321
275
313
335
277
372
463
260
291
301
281
380
252
311
323
266
285
290
242
275
315
266
370
290
390
183
230
208
230
154
355
221
318
288
151
228
330
230
389
372
169
330
265
259
429
378
191
321
115
221
324
248
232
196
445
508
466
452
344
295
562
561
433
513
449
424
614
263
255
289
275
296
663
192
254
264
157
202
386
147
291
299
170
308
210
167
222
307
329
379
98
194
146
331
633
333
43
195
183
129
267
160
689
442
368
273
258
189
669
680
449
438
298
599
632
385
236
303
197
640
405
208
247
310
244
368
109
176
206
315
463
284
13
184
161
301
573
167
14
204
175
349
400
50
14
215
156
175
211
173
622
322
258
257
173
317
412
621
391
303
431
552
128
597
301
258
564
468
53
333
195
326
547
200
30
234
196
412
390
35
39
180
231
389
101
42
36
237
328
286
13
35
30
242
264
227
237
456
423
253
260
206
339
464
93
492
357
385
580
238
22
643
409
603
508
25
48
367
269
469
164
17
40
175
315
304
15
58
31
217
360
144
60
31
40
451
343
13
29
10
51
255
323
239
418
479
82
393
418
332
489
246
17
598
788
565
263
34
10
636
1046
479
56
29
30
696
798
189
50
34
22
517
465
45
30
39
115
419
197
46
50
28
196
366
24
23
25
149
227
262
496
637
449
86
4
263
899
821
116
31
54
554
993
311
40
58
46
650
552
99
24
21
34
583
122
70
23
24
59
386
33
37
30
24
51
100
30
71
21
47
54
22
48
27
33
64
49
37
28
23
29
25
9
41
36
12
28
29
24
54
23
28
35
24
19
28
7
51
14
27
37
10
40
50
25
48
49
19
52
49
35
53
15
28
54
59
38
36
34
30
22
36
46
36
7
18
38
46
59
49
44
35
73
39
47
60
47
20
53
40
58
48
43
46
37
20
54
33
44
82
53
16
35
48
26
48
40
37
32
40
13
26
33
22
38
36
13
25
17
34
49
38
21
31
49
39
30
30
21
27
28
30
28
11
24
45
59
32
23
29
29
23
52
22
21
30
10
45
34
40
25
25
28
43
56
48
23
62
39
49
34
25
44
43
9
37
11
29
66
33
13
15
46
47
21
39
24
17
42
42
24
13
15
28
26
36
38
14
10
43
27
23
10
20
3
70
38
47
31
21
6
70
45
46
54
38
12
48
51
28
37
12
17
39
37
29
22
9
10
41
3
3
50
52
19
9
5
18
17
41
40
20
33
30
28
41
25
33
58
31
55
36
14
35
36
42
52
22
11
48
19
50
32
7
16
31
25
29
8
9
15
41
40
25
13
5
18
25
8
32
35
29
31
49
15
18
56
28
21
37
27
16
34
36
3
31
40
31
15
37
22
35
48
58
19
29
23
20
32
47
31
30
11
28
47
36
9
2
2
47
51
10
4
27
17
46
55
72
16
27
8
61
43
24
16
25
26
45
42
36
19
16
19
18
38
22
30
18
8
45
74
11
26
20
12
35
70
36
21
24
22
10
4
9
12
33
6
33
21
18
37
11
12
43
24
42
36
32
3
32
11
45
29
6
7
31
2
28
6
9
11
18
8
27
18
2
16
10
6
25
15
18
18
11
8
10
9
9
10
24
13
12
14
20
14
21
12
14
10
33
5
71
52
27
8
21
14
24
24
29
14
27
21
26
6
11
15
11
23
37
13
21
31
15
18
20
14
22
22
16
10
29
21
16
27
3
3
23
19
27
15
5
10
11
6
22
28
11
15
